0
0
0
0
0
0
0
0
0
0
0
0
0
0
0
0
0
0
0
0
0
0
0
0
0
0
0
0
0
0
0
0
0
0
0
0
0
0
0
0
0
0
0
0
0
0
0
0
0
0
0
0
0
0
0
0
0
0
0
0
0
0
0
0
0
0
0
0
0
0
0
0
0
0
0
0
0
0
0
0
0
0
0
0
0
0
0
0
0
0
0
0
0
0
0
0
0
0
0
0
0
0
0
0
0
0
0
0
0
0
0
0
0
0
0
0
0
0
0
0
0
0
0
0
0
0
0
0
0
0
0
0
3
5
2
6
6
1
3
11
8
11
5
6
8
12
8
13
6
13
10
8
10
14
9
6
16
15
7
8
16
10
12
12
11
13
12
13
10
11
8
11
8
5
9
10
11
9
10
10
8
8
9
13
9
12
5
11
13
12
5
8
9
8
10
11
11
9
10
12
8
6
7
7
9
11
5
11
13
9
11
10
10
20
10
11
13
11
11
15
16
11
19
12
9
11
13
20
15
22
16
16
15
22
15
24
15
17
20
19
28
29
24
21
34
28
25
49
36
45
51
49
59
53
58
53
65
55
87
70
68
78
74
79
70
82
59
76
86
82
62
71
56
60
66
57
51
59
45
48
47
31
25
31
24
39
25
25
14
19
23
13
16
17
18
17
10
15
17
14
6
16
5
10
8
4
7
7
5
5
6
10
5
6
1
4
3
1
4
5
0
3
1
5
2
2
3
4
1
3
2
1
0
7
1
3
2
1
2
2
1
2
3
2
3
2
2
0
2
4
3
2
1
4
4
1
3
2
3
1
1
0
1
1
2
1
3
2
1
0
1
2
0
2
1
3
1
0
1
0
2
0
1
0
0
2
3
0
1
0
1
0
2
1
0
1
0
0
1
1
0
0
1
0
2
0
0
0
1
1
1
0
2
0
0
0
0
0
0
2
0
1
0
0
0
0
0
1
0
1
0
1
0
1
0
0
0
0
0
1
1
1
1
0
1
1
0
0
0
0
0
0
0
0
0
1
0
0
1
0
0
2
0
0
0
0
0
0
0
1
1
0
0
0
0
0
0
0
1
1
0
0
0
0
0
0
0
0
0
0
1
0
2
1
1
0
0
0
1
0
0
0
0
0
0
0
1
0
0
0
0
0
0
0
0
0
0
0
0
0
0
0
0
0
0
0
0
0
0
0
0
2
0
0
0
0
1
0
0
0
0
0
0
0
0
0
2
0
0
0
0
0
0
0
0
0
0
0
0
0
0
0
0
0
0
0
0
0
0
0
0
0
0
0
0
0
0
0
0
0
0
0
0
0
0
0
0
0
0
0
0
1
0
0
0
0
0
0
0
0
0
0
0
0
0
0
0
0
0
0
0
0
0
0
0
0
0
0
0
0
0
0
0
0
0
0
0
0
1
0
0
0
0
0
0
0
0
0
0
0
1
0
0
0
0
0
0
0
0
0
0
0
0
0
0
0
0
0
0
0
0
0
0
0
0
0
0
0
0
0
0
0
0
0
0
0
0
1
0
0
0
0
0
0
0
0
0
1
0
0
0
0
0
0
0
0
0
0
0
0
0
0
0
0
0
0
0
0
0
0
0
0
0
0
0
0
0
0
0
0
0
0
0
0
0
0
0
0
0
0
0
0
1
0
1
0
0
1
0
0
0
0
0
0
0
0
0
0
1
1
0
0
0
0
0
0
0
0
0
0
0
0
0
0
0
0
0
0
0
0
0
1
0
0
0
0
0
0
0
0
0
0
0
0
0
0
0
0
0
0
1
0
0
0
0
0
0
0
0
0
0
0
0
0
0
0
0
0
0
0
0
0
0
0
0
0
0
0
0
0
0
0
0
0
0
0
0
0
0
1
0
0
0
0
0
0
0
0
0
0
0
0
0
0
0
0
0
0
0
0
0
0
0
0
0
0
0
0
0
0
0
0
0
0
0
0
0
0
0
0
0
0
0
0
0
0
0
0
0
0
0
0
0
0
0
0
0
0
0
0
0
0
0
0
0
0
0
0
0
0
0
0
0
0
0
0
0
0
0
0
0
0
0
0
0
0
1
0
0
0
0
0
0
0
0
0
0
0
0
0
0
0
0
0
0
0
0
0
0
0
0
0
0
0
0
0
0
0
0
0
0
0
0
0
0
0
1
0
0
0
0
0
0
1
0
0
0
0
0
0
0
0
0
0
0
0
0
0
0
0
0
0
0
0
0
0
0
0
0
0
0
0
0
0
0
0
0
0
0
0
0
0
0
0
0
0
0
0
0
0
0
0
0
0
0
0
0
0
0
0
0
0
0
0
