0
0
0
0
0
0
0
0
0
0
0
0
0
0
0
0
0
0
0
0
0
0
0
0
0
0
0
0
0
0
0
0
0
0
0
0
0
0
0
0
0
0
0
0
0
0
0
0
0
0
0
0
0
0
0
0
0
0
0
0
0
0
0
0
0
0
0
0
0
0
0
0
0
0
0
0
0
0
0
0
0
0
0
0
0
0
0
0
0
0
0
0
0
0
0
0
0
0
0
0
0
0
0
0
0
0
0
0
0
0
0
0
0
0
0
0
0
0
0
0
0
0
0
0
0
0
0
0
0
0
0
0
2
9
4
5
3
8
5
10
7
7
9
13
10
7
10
9
13
6
5
9
9
5
11
5
15
9
8
8
11
6
9
8
9
9
10
6
11
10
10
9
16
8
13
14
13
14
10
15
13
17
22
27
19
16
25
20
15
19
25
21
34
22
31
27
30
30
32
21
26
25
25
23
29
27
28
22
32
36
36
23
24
37
29
23
43
33
35
35
28
34
32
41
37
30
35
28
49
48
62
47
46
59
44
85
53
62
70
97
98
92
111
100
126
134
141
145
147
157
181
159
154
181
190
172
161
152
162
158
142
144
126
124
106
90
96
81
87
74
53
52
46
49
52
40
31
28
31
21
26
16
27
31
24
18
18
20
21
13
14
21
14
14
10
15
13
13
17
8
15
9
9
10
14
13
12
14
8
7
6
8
7
10
8
11
6
19
5
9
10
9
8
11
14
17
11
22
11
13
25
22
15
26
20
17
21
23
27
19
28
29
29
25
27
21
34
29
26
27
21
27
28
20
18
30
29
32
31
30
27
35
29
27
21
35
34
33
42
37
41
35
29
36
40
39
37
37
43
42
44
55
55
46
60
60
89
65
83
79
91
95
89
105
121
141
152
146
153
172
146
152
178
168
163
170
153
173
144
144
180
138
134
128
126
127
123
115
97
61
68
79
53
48
46
43
36
29
30
22
29
17
19
24
20
19
22
24
19
16
19
12
15
11
15
15
7
11
9
8
11
9
10
10
10
5
9
14
7
7
6
2
5
8
11
9
9
14
8
5
12
10
12
18
15
13
18
16
25
26
17
29
34
17
16
25
16
22
17
18
18
28
27
28
25
25
28
26
22
27
22
20
19
26
23
25
29
30
28
24
24
22
30
27
42
36
26
27
29
35
24
37
31
27
30
41
35
38
49
39
38
51
35
41
50
45
53
57
69
66
66
70
89
94
96
139
125
130
118
151
149
171
188
189
184
181
180
171
168
176
183
172
169
146
158
145
145
131
119
129
95
98
75
68
66
58
52
48
46
30
32
33
28
18
24
22
22
14
16
11
16
17
10
11
14
6
8
9
6
7
10
11
7
8
6
10
11
13
8
7
11
11
7
17
10
14
14
24
15
12
10
14
22
21
13
17
13
15
13
30
17
16
11
20
10
21
22
16
22
26
20
23
18
16
22
19
17
28
13
17
23
25
22
29
23
25
18
29
27
23
35
27
29
28
22
24
21
29
28
28
25
29
22
35
34
32
32
38
42
37
27
41
33
40
45
43
40
40
46
53
60
53
43
54
66
86
97
93
93
80
98
126
121
139
172
147
156
161
167
147
153
167
158
172
148
154
148
148
130
119
114
120
94
113
98
75
63
60
72
43
48
42
27
36
25
26
29
28
20
20
11
18
22
14
19
15
14
19
12
14
17
10
9
11
15
15
11
8
16
14
8
11
18
17
13
13
17
14
18
10
17
17
15
24
20
12
17
11
16
17
13
15
16
19
12
22
14
13
20
17
14
17
32
23
17
18
16
23
20
22
20
21
19
25
13
21
15
16
15
21
23
21
35
22
29
23
22
24
23
19
22
30
28
25
19
27
25
28
23
22
23
26
23
27
33
33
31
29
37
25
29
39
36
43
27
64
56
65
82
69
95
96
126
121
159
131
163
160
159
175
169
187
165
158
166
174
153
148
138
152
143
133
130
135
119
104
77
84
93
60
55
59
34
48
36
22
26
28
14
21
13
13
15
15
12
8
8
8
8
3
6
6
4
4
2
2
2
4
1
1
2
5
1
1
0
0
2
0
1
1
2
0
1
1
1
0
0
0
0
0
1
1
0
0
0
0
0
0
0
0
0
1
0
0
0
0
0
0
0
0
0
0
1
0
0
0
0
0
0
0
0
0
0
0
1
0
0
1
0
0
0
1
0
0
0
0
1
0
0
0
1
0
0
1
0
0
0
0
0
0
0
0
0
0
0
0
0
0
0
0
1
0
0
0
0
0
0
0
0
0
0
1
0
2
0
0
0
0
0
1
0
0
0
0
