4
2
2
6
1
2
1
4
5
2
3
2
2
4
3
2
4
5
4
7
3
3
4
1
6
3
2
2
4
4
3
2
2
4
3
6
3
3
5
4
1
2
3
1
1
6
5
4
2
6
6
2
2
4
7
1
7
1
4
5
3
1
5
3
1
3
2
3
3
3
4
1
2
6
5
11
2
3
8
7
5
5
5
10
12
8
13
17
9
12
15
12
16
16
18
23
31
26
22
31
36
32
35
28
28
35
24
33
41
36
26
30
19
25
26
19
16
55
24
21
32
26
30
25
25
23
22
23
28
31
31
39
30
26
328
4621
8107
8754
8337
7984
7711
7544
7344
7474
7240
7128
7129
7177
7138
7058
7134
7321
7073
7313
7383
7399
7297
7506
7257
7323
7457
7383
7328
7345
7417
7353
7360
7377
7408
7279
7492
7386
7284
7348
7240
7352
7208
7173
7301
7207
7030
7099
6952
6988
6999
7136
7008
6995
6883
6801
6741
6754
6794
6503
6699
6589
6700
6573
6476
6526
6473
6225
6315
6154
6228
6199
6122
6070
6089
5998
5964
5920
5989
5988
5854
5891
5794
5706
5626
5585
5671
5696
5624
5444
5606
5488
5546
5556
5634
5459
5361
5486
5321
5389
5402
5504
5457
5424
5378
5385
5501
5342
5237
5209
5322
5171
5313
5115
5131
5123
5147
5174
5170
5255
5173
5161
5239
5002
5030
5082
5213
5089
4980
4964
4945
5043
5125
4898
5085
5033
4952
4822
5056
5056
4935
4968
5033
4852
4987
5074
4993
4892
4911
4992
5017
4969
4985
5010
4900
4802
4844
4856
4880
4848
4875
4851
5009
4952
4838
4837
4859
4914
4762
4918
4909
4799
4834
4885
4959
5020
4843
4869
4764
4893
4861
4821
4974
5025
4913
5008
4949
4815
4888
4922
4879
4925
4916
4969
4959
4930
4882
4899
4995
4889
5098
4804
4981
4914
4898
5036
4867
4981
4947
4914
4966
4876
5007
4970
4962
4998
4843
5067
5224
4908
4984
4887
5060
5039
4930
4941
4966
5200
5160
5085
5056
5087
4960
5172
5145
5142
5112
5163
5023
5169
5054
5251
5096
5146
5097
5173
5115
5169
4977
5047
5058
4937
5042
4926
4985
4909
4724
4696
4784
4642
4629
4666
4481
4569
4397
4422
4313
4233
4166
4079
4043
3883
3863
3803
3681
3667
3645
3417
3548
3447
3258
3242
3098
2997
3019
2928
2979
2822
2713
2657
2660
2494
2505
2406
2329
2340
2243
2223
2310
2075
2101
2055
1953
1936
1962
1908
1885
1831
1731
1784
1733
1664
1759
1678
1696
1590
1593
1615
1455
1576
1590
1461
1472
1461
1417
1407
1341
1320
1365
1404
1328
1316
1343
1344
1290
1241
1216
1324
1192
1207
1240
1194
1263
1160
1201
1181
1229
1149
1149
1132
1156
1123
1086
1057
1099
1140
1103
1045
1124
1039
1083
1059
1125
1033
1078
1038
1020
1072
1060
1022
1133
1076
1015
1000
1121
1075
1064
1068
1058
1132
1125
1077
1187
1084
1142
1115
1190
1140
1194
1147
1202
1250
1246
1321
1290
1317
1345
1432
1429
1466
1513
1569
1566
1663
1682
1749
1825
1882
2009
2127
2228
2317
2397
2425
2711
2862
2992
3222
3436
3574
3769
4076
4234
4448
4813
5025
5320
5619
5821
6340
6663
7037
7299
7984
8317
8635
9150
9623
10135
10496
11064
11545
12178
12221
12911
13510
13764
14560
14641
15360
15738
15990
16350
17234
17424
17744
18134
18420
18964
18606
19126
19487
19434
19495
20098
19924
19841
20072
20024
20033
19838
19443
19117
19398
19159
18581
18667
18290
17976
17705
17199
16804
16546
16076
15513
15392
14713
14198
13882
13569
13026
12448
11885
11503
11119
10464
9905
9825
9330
8699
8510
7987
7427
7086
6799
6553
6191
5734
5499
5279
4933
4688
4344
4149
3942
3711
3483
3388
3183
2851
2835
2669
2494
2242
2247
2080
1977
1885
1755
1747
1581
1550
1434
1332
1387
1291
1207
1153
1043
1130
1046
986
976
933
855
851
795
800
778
785
758
661
669
668
597
582
580
592
537
554
547
519
463
501
488
527
488
451
394
408
436
378
401
390
376
382
358
349
345
308
323
287
308
317
326
278
284
267
266
240
254
253
229
236
255
231
199
237
228
200
183
209
204
189
176
167
169
194
166
187
145
144
144
160
144
148
146
148
115
125
150
128
126
146
115
126
135
120
140
131
133
124
119
106
121
132
123
122
102
90
114
98
96
98
90
110
115
109
97
101
95
95
85
103
98
117
97
90
93
95
100
103
106
95
99
97
86
111
90
98
83
99
108
93
91
76
93
121
92
88
88
76
79
91
68
105
79
84
68
64
88
104
98
84
87
81
103
77
76
98
102
78
71
80
104
81
81
83
80
82
89
82
90
86
90
93
68
103
63
77
71
88
76
87
90
93
103
95
95
92
101
100
87
91
85
111
90
98
101
107
105
88
96
94
85
92
92
99
94
96
99
86
86
95
118
91
80
83
96
110
88
82
97
116
87
80
114
83
93
62
94
101
92
84
89
89
102
92
98
67
93
85
65
99
81
94
88
101
90
103
83
89
75
71
98
96
86
74
76
94
101
86
81
80
87
79
74
79
106
73
62
90
79
77
73
77
77
78
83
75
75
74
95
58
75
79
59
70
61
73
65
57
67
74
68
68
55
75
61
59
58
67
62
62
61
63
72
60
65
69
67
61
53
73
75
59
63
61
50
56
58
60
64
72
47
56
64
52
55
61
52
52
49
45
56
69
44
54
57
51
58
61
64
44
62
55
67
51
3
5
