3
4
1
5
3
3
6
2
0
3
2
0
1
5
1
6
0
1
4
1
1
4
1
6
3
3
3
2
4
1
2
3
2
2
2
1
5
7
2
6
2
2
2
3
6
1
3
1
1
2
3
2
8
4
1
2
2
3
2
6
2
6
2
1
3
4
4
2
2
1
2
6
3
4
3
3
7
5
2
3
7
4
6
3
5
8
9
11
7
10
10
8
13
15
14
23
23
18
27
22
29
24
25
23
19
25
26
20
27
28
18
19
16
16
21
16
30
17
23
28
20
21
23
20
21
25
23
20
23
28
30
35
33
47
228
3212
7299
8310
7845
7576
7153
6975
6738
6574
6398
6200
6058
6034
6026
5634
5687
5432
5488
5300
5385
5167
5140
5042
5205
5080
5217
5097
5096
5169
5252
5127
5162
5232
5145
5222
5076
5279
5315
5111
5173
5216
5192
5235
5233
5329
5216
5164
5331
5430
5169
5351
5292
5312
5243
5200
5421
5244
5289
5317
5300
5480
5390
5217
5237
5187
5311
5148
5312
5225
5253
5195
5203
5193
5243
5050
5148
5114
5075
5269
5047
5010
5055
5115
4977
4969
4909
4817
4903
4914
4960
4768
4868
4835
4820
4875
4720
4810
4848
4783
4824
4692
4675
4708
4629
4750
4700
4556
4641
4572
4722
4581
4553
4603
4696
4683
4626
4574
4490
4469
4544
4633
4563
4460
4449
4426
4562
4572
4489
4531
4597
4503
4558
4423
4495
4500
4480
4387
4453
4392
4366
4412
4326
4385
4252
4414
4309
4266
4473
4385
4332
4337
4251
4358
4383
4296
4385
4356
4315
4428
4212
4373
4372
4377
4339
4483
4394
4382
4312
4272
4474
4395
4278
4434
4474
4379
4448
4423
4401
4366
4373
4405
4335
4411
4306
4422
4466
4518
4402
4279
4475
4327
4325
4359
4416
4352
4460
4377
4531
4315
4402
4464
4517
4370
4542
4479
4543
4510
4451
4434
4632
4482
4549
4533
4531
4573
4483
4560
4651
4503
4447
4531
4612
4493
4581
4595
4773
4647
4684
4565
4603
4441
4513
4732
4726
4722
4602
4672
4769
4711
4719
4766
4555
4562
4547
4662
4624
4575
4572
4607
4730
4554
4544
4615
4414
4540
4389
4503
4399
4335
4437
4257
4425
4237
4125
4160
4204
4011
3946
4006
3946
3760
3745
3781
3533
3561
3449
3367
3419
3238
3208
3190
3073
3044
2977
2973
2824
2683
2690
2580
2522
2541
2366
2345
2276
2295
2097
2157
2165
2078
2012
1981
1997
1898
1857
1859
1787
1731
1715
1720
1743
1611
1636
1610
1570
1494
1571
1483
1462
1501
1473
1497
1460
1420
1407
1357
1289
1389
1253
1282
1327
1247
1233
1250
1172
1210
1180
1200
1171
1154
1115
1144
1142
1126
1135
1058
1088
1031
1042
1019
1090
1038
1041
978
1062
984
1050
1021
1035
1023
982
1024
1009
974
941
957
933
942
975
1021
986
968
971
974
945
976
1000
997
971
985
968
1003
983
1039
913
1037
968
1019
1006
1067
1073
1076
1089
1063
1127
1081
1126
1179
1192
1171
1232
1315
1263
1350
1348
1365
1477
1541
1577
1672
1659
1728
1790
2006
2091
2088
2178
2386
2521
2607
2784
2927
3119
3311
3544
3697
3954
4316
4503
4794
4987
5131
5517
5920
6242
6525
6994
7447
7732
8132
8583
9089
9419
9739
10356
10848
11225
11912
11933
12521
13096
13549
13648
14244
14698
15192
15505
15817
16139
16240
16569
17035
17346
17543
17751
17967
18318
18442
18260
18431
18481
18450
18612
18183
18418
17834
18011
17880
17570
17350
17059
16718
16396
16124
15777
15377
15102
14390
14248
13819
13448
12928
12508
12237
11701
11249
10682
10355
9995
9347
8944
8612
8427
7844
7518
7028
6932
6349
5995
5764
5487
5103
4900
4718
4404
4084
3812
3613
3430
3292
3112
2903
2858
2564
2390
2281
2249
2061
1909
1818
1771
1735
1556
1510
1449
1343
1324
1246
1159
1162
1061
1049
977
941
922
873
814
822
788
727
713
712
697
616
631
649
559
612
568
544
545
488
510
473
492
438
444
421
416
406
400
379
386
370
368
344
358
380
322
298
336
311
284
283
273
290
271
288
246
267
213
247
242
208
242
184
235
193
212
200
193
164
178
186
199
175
159
163
158
156
151
137
151
153
136
135
147
119
129
125
134
134
133
141
117
101
108
110
104
99
94
111
119
119
107
81
96
98
96
110
96
102
90
89
106
95
84
93
83
110
111
88
94
91
82
90
79
81
76
94
84
80
77
87
61
80
78
71
80
78
66
80
93
78
71
78
71
69
78
72
91
63
73
68
85
88
79
77
71
74
55
89
59
74
77
71
74
68
64
71
74
71
66
65
68
81
81
74
71
79
66
75
70
70
61
64
66
81
82
71
65
78
89
55
53
86
72
70
83
70
76
83
62
60
71
70
70
75
65
66
90
88
86
84
76
93
85
80
85
89
86
92
74
73
73
74
85
80
89
72
81
78
84
83
85
71
82
88
79
74
88
72
72
63
84
87
77
86
71
76
68
88
75
78
63
90
76
84
78
84
77
69
69
77
80
79
69
83
78
82
85
73
80
76
73
67
54
63
63
68
81
65
63
63
65
60
63
72
78
58
72
53
69
64
68
46
58
67
73
64
65
68
71
61
62
67
63
64
55
68
74
61
50
66
81
50
53
65
62
54
56
69
56
51
54
59
49
63
53
55
54
65
44
55
53
50
52
67
59
53
57
59
56
64
64
44
59
52
62
48
64
52
54
40
53
61
57
34
0
1
