2
5
5
7
4
7
4
4
2
3
4
9
5
5
7
4
7
1
0
3
6
4
5
11
4
9
8
7
7
2
7
3
3
6
3
6
2
3
9
3
8
2
4
5
3
5
0
3
2
4
5
9
3
2
5
6
4
5
1
4
5
4
2
3
4
8
6
10
5
4
5
6
5
12
2
5
9
10
10
15
6
5
5
19
10
6
10
17
11
6
13
15
13
16
21
21
33
24
36
38
46
34
47
40
40
48
34
50
54
54
49
37
41
41
45
44
26
50
43
31
39
27
36
27
34
33
34
38
37
31
36
44
41
43
437
6133
10707
11608
11081
10739
10353
10140
10008
9921
9871
9774
9688
9449
9659
9363
9233
9387
9323
9432
9258
9382
9277
9476
9256
9482
9416
9297
9129
9352
9328
9125
9146
8942
8954
8852
8940
8997
8938
8812
8823
8590
8898
8620
8701
8658
8837
8666
8589
8603
8663
8555
8451
8466
8259
8493
8284
8293
8430
8163
8115
8351
8334
8028
8209
7993
7999
7975
7754
7949
7914
7681
7704
7647
7676
7317
7503
7662
7415
7399
7287
7358
7400
7202
7280
7204
7174
7192
7095
7283
7136
7032
7155
6883
7075
7026
6923
6802
7064
6932
7016
6892
6856
6775
6703
6801
6739
6583
6766
6728
6663
6744
6748
6691
6545
6696
6686
6610
6671
6700
6572
6588
6691
6301
6449
6544
6501
6543
6343
6614
6612
6430
6508
6591
6456
6501
6422
6440
6440
6386
6260
6426
6437
6492
6326
6449
6499
6315
6376
6394
6486
6544
6352
6380
6424
6255
6298
6541
6362
6369
6387
6321
6535
6329
6248
6299
6254
6372
6382
6443
6382
6307
6347
6394
6481
6444
6296
6514
6470
6364
6346
6291
6349
6303
6389
6355
6362
6168
6355
6413
6475
6500
6399
6379
6469
6473
6342
6512
6437
6433
6423
6382
6535
6587
6449
6340
6426
6490
6486
6589
6586
6540
6506
6530
6648
6537
6586
6533
6621
6574
6580
6709
6643
6508
6657
6695
6661
6641
6693
6681
6900
6756
6710
6885
6789
6586
6804
6816
6674
6623
6905
6643
6870
6797
6938
6904
6808
6778
6793
6735
6727
6604
6670
6557
6444
6518
6354
6465
6435
6265
6090
6167
6168
6201
5968
5962
6011
5737
5624
5463
5482
5429
5242
5287
5066
4961
4865
4762
4639
4611
4488
4444
4306
4178
4081
4003
3971
3672
3731
3612
3449
3512
3381
3265
3282
3202
3014
3063
2923
2948
2799
2913
2780
2691
2622
2633
2515
2442
2470
2433
2367
2287
2301
2263
2244
2123
2142
2064
2072
2046
1999
2056
1930
2010
1966
1941
1816
1852
1876
1816
1822
1730
1750
1758
1741
1700
1736
1617
1675
1627
1653
1613
1543
1569
1576
1603
1586
1547
1471
1523
1636
1443
1509
1543
1531
1484
1391
1421
1434
1503
1492
1441
1463
1405
1432
1447
1429
1398
1386
1471
1424
1456
1452
1478
1465
1434
1460
1400
1425
1430
1510
1481
1495
1600
1507
1499
1478
1481
1494
1579
1576
1590
1587
1614
1715
1733
1724
1782
1885
1877
1911
2009
2113
2135
2216
2236
2331
2431
2544
2761
2769
2996
3078
3355
3300
3600
3782
4140
4347
4513
4875
5119
5405
5610
6201
6422
6863
7133
7576
7814
8551
9001
9446
10142
10594
11013
11597
12359
13050
13529
13812
14583
15488
15865
16578
17133
17971
18550
19337
19721
20561
21093
22055
22100
23060
23239
23629
24427
24924
24902
25606
25739
25978
26376
26457
26559
26900
26810
26744
26613
27109
26538
26430
26149
26211
25785
25548
24974
24489
24055
23792
23453
22618
22316
21660
21324
20379
19990
19049
18812
18256
17252
16850
16143
15709
14641
14336
13817
13238
12382
11847
11385
10997
10200
9733
9380
8994
8315
7976
7516
7302
6855
6317
6028
5769
5454
5111
4809
4621
4162
4041
3882
3611
3402
3279
3149
2840
2722
2602
2488
2290
2254
2042
2017
1938
1836
1760
1684
1649
1513
1441
1394
1345
1276
1198
1154
1142
1108
1031
1016
963
895
912
885
883
857
846
751
782
749
742
737
717
673
691
687
609
600
621
542
612
581
537
497
503
476
498
530
465
411
401
435
426
386
364
404
395
339
352
373
342
331
353
329
312
302
277
283
270
294
270
287
245
222
231
262
206
217
227
223
220
225
197
197
207
208
206
188
205
183
182
184
171
172
176
162
167
155
175
159
142
170
140
152
175
152
150
132
162
172
140
123
138
138
151
135
143
146
120
136
145
141
138
134
114
120
131
132
111
140
136
115
111
134
144
112
116
125
137
108
104
105
113
133
106
125
114
106
118
116
100
118
126
129
115
147
107
86
118
107
117
110
102
116
99
105
113
94
114
107
100
103
126
107
118
101
121
107
117
103
112
106
108
122
117
122
120
130
113
114
108
121
104
112
120
130
120
113
128
118
134
104
134
135
106
118
124
120
144
118
141
122
110
125
128
142
122
130
117
128
124
139
117
131
135
117
133
126
109
120
119
121
137
121
129
129
128
127
125
119
132
137
122
122
142
110
128
119
117
124
126
114
120
107
131
126
114
116
129
111
111
128
123
101
108
105
100
125
104
99
105
122
93
97
105
115
100
121
113
97
110
99
124
112
112
113
116
85
104
96
91
79
93
86
105
100
100
85
99
82
88
107
90
82
61
95
94
86
88
76
96
88
90
90
72
90
96
88
94
82
94
83
78
86
65
90
87
76
87
83
87
71
86
81
87
68
77
90
82
75
76
76
83
85
76
82
87
72
62
58
72
79
67
70
69
61
69
72
6
7
