0
0
0
0
0
0
0
0
0
0
0
0
0
0
0
0
0
0
0
0
0
0
0
0
0
0
0
0
0
0
0
0
0
0
0
0
0
0
0
0
0
0
0
0
0
0
0
0
0
0
0
0
0
0
0
0
0
0
0
0
0
0
0
0
0
0
0
0
0
0
0
0
0
0
0
0
0
0
0
0
0
0
0
0
0
0
0
0
0
0
0
0
0
0
0
0
0
0
0
0
0
0
0
0
0
0
0
0
0
0
0
0
0
0
0
0
0
0
0
0
0
0
0
0
0
0
0
0
0
0
0
0
0
0
0
0
0
0
0
0
0
0
0
0
0
0
0
0
0
0
0
0
0
0
0
0
0
0
0
0
0
0
0
0
0
0
0
0
0
0
0
0
0
0
0
0
0
6
72
102
89
96
112
111
110
95
80
97
101
95
90
77
85
87
83
73
69
110
80
72
80
79
91
74
100
83
99
61
82
89
81
65
60
85
84
59
65
61
63
69
49
62
65
82
65
66
40
54
59
63
51
55
52
49
65
41
37
43
45
46
59
48
66
41
39
53
43
49
40
47
53
51
39
32
43
36
35
30
50
40
50
38
41
41
47
60
38
46
47
35
39
54
41
49
46
46
41
44
37
55
31
35
32
35
45
41
37
31
45
31
49
36
42
36
38
31
36
34
42
40
47
40
38
36
40
36
40
28
38
36
33
34
27
22
42
39
40
26
37
28
34
32
27
31
35
30
24
28
32
39
28
25
24
27
32
30
39
43
20
34
29
31
35
34
25
32
24
34
24
26
28
33
24
26
33
30
30
28
25
16
26
27
35
28
29
32
24
24
31
25
34
24
28
21
26
31
28
24
24
29
19
29
26
26
27
24
24
24
29
20
22
23
21
17
26
15
25
20
22
25
26
18
19
18
17
21
17
20
26
19
18
24
20
15
26
21
15
12
24
14
19
18
12
23
26
18
14
21
15
20
13
19
14
13
22
22
15
16
21
15
14
20
12
20
25
16
15
16
14
15
16
17
10
25
23
22
18
15
18
20
12
13
21
16
16
20
20
18
8
8
13
7
20
10
16
18
9
9
14
23
9
15
10
16
13
14
13
10
23
11
12
15
15
13
11
15
17
10
11
16
15
17
12
16
10
12
11
27
8
5
13
14
16
9
6
11
13
15
14
11
10
13
15
15
16
15
9
14
11
16
21
9
14
13
16
10
12
11
10
10
13
12
17
11
16
11
7
15
10
13
12
16
11
16
12
12
12
12
15
14
13
13
6
10
13
14
11
16
13
11
10
14
5
11
10
19
12
7
8
7
15
9
16
15
17
11
7
13
8
15
10
12
12
11
6
10
13
11
8
15
8
16
7
10
11
11
9
9
3
6
5
5
5
6
8
12
3
10
9
12
10
6
7
8
6
7
6
8
8
7
3
8
9
11
8
8
14
10
7
13
7
7
10
10
15
8
7
9
5
4
13
8
10
9
7
6
12
6
8
11
9
8
12
7
11
7
11
10
6
9
7
14
11
11
9
6
11
6
6
5
7
5
10
12
4
15
7
14
11
7
12
11
6
8
6
8
9
7
8
8
4
11
8
7
5
8
7
6
9
10
12
5
6
9
5
6
3
6
3
5
4
4
7
7
10
3
5
12
8
11
9
8
6
5
2
6
4
5
5
6
10
2
9
4
6
11
6
8
5
4
3
6
5
5
4
8
5
6
2
4
4
2
7
2
3
5
5
5
1
5
3
5
7
6
1
1
5
3
6
4
3
3
2
0
6
4
5
2
5
2
2
5
1
6
4
5
3
4
2
3
0
2
5
5
4
5
3
5
3
5
3
4
2
3
4
3
4
5
2
4
6
7
4
6
4
5
5
8
6
4
3
2
4
3
7
6
4
3
4
6
10
4
6
11
7
9
7
4
4
9
7
4
11
6
4
4
5
2
10
6
3
9
5
4
7
14
10
10
9
6
8
8
9
6
16
9
6
6
11
13
13
8
15
5
13
9
11
9
9
13
8
13
11
13
8
11
6
10
11
8
13
11
8
9
9
8
15
10
6
6
0
6
8
7
6
8
7
6
8
2
6
2
3
3
5
7
8
6
2
3
4
6
7
4
4
1
1
3
3
2
1
6
6
5
1
2
2
2
3
4
0
1
2
1
2
3
2
3
2
1
1
1
1
3
1
1
2
4
1
3
0
3
2
1
1
0
2
1
0
3
1
1
1
1
4
2
1
1
3
1
4
1
1
1
2
0
0
0
3
2
3
2
2
3
0
1
0
0
1
1
0
1
2
1
1
2
3
2
1
0
0
0
0
0
