1
0
0
0
1
1
0
1
0
0
1
0
1
1
0
0
0
0
0
0
0
2
0
1
1
0
0
1
0
1
2
0
1
0
2
1
0
0
2
2
0
0
1
0
2
0
0
0
1
0
0
0
1
1
1
1
1
0
2
2
0
1
0
1
0
1
1
0
1
0
1
1
0
1
0
2
0
2
2
0
2
1
3
0
0
1
2
1
2
1
1
3
0
1
1
0
3
2
0
2
2
3
1
4
2
2
3
1
3
5
3
3
4
8
8
10
21
15
11
17
14
22
17
21
19
28
27
17
24
26
22
32
35
27
33
36
28
39
27
26
38
35
42
25
35
34
29
36
39
43
35
44
46
40
52
45
46
50
54
45
51
43
50
56
40
63
53
59
47
70
57
78
76
81
69
108
199
4078
12395
13378
13716
13800
13788
13561
13661
13706
13507
13251
13280
13246
12942
12825
12625
12715
12541
12562
12597
12593
12363
12323
12120
12074
12247
11968
12039
11883
12099
11728
11569
11861
11676
11640
11758
11712
11588
11411
11527
11423
11606
11357
11290
11309
11397
11169
11327
11299
11285
11149
11307
11115
10936
11164
10958
11016
11111
10995
10851
10970
10991
10900
10982
10834
10880
10908
10942
10823
10702
10677
10697
10674
10764
10693
10411
10557
10569
10814
10622
10651
10429
10618
10786
10741
10600
10495
10653
10602
10486
10436
10315
10611
10506
10458
10451
10340
10390
10312
10409
10713
10413
10254
10308
10482
10368
10512
10420
10519
10558
10399
10254
10311
10474
10291
10217
10310
10331
10234
10570
10547
10352
10363
10365
10318
10245
10194
10287
10319
10285
10333
10303
10200
10257
10477
10280
10291
10044
10432
10314
10481
10270
10305
10141
10225
10008
10289
10230
10441
10162
10267
10091
10353
10304
10203
10095
10108
10090
10172
10269
10224
10212
10358
10235
10297
10224
10289
10023
10211
10089
10281
10079
10121
10250
10032
10074
10170
10252
10358
10268
10188
10297
10222
10230
10179
10193
10263
10193
10176
9998
10111
10261
10244
10311
10447
10273
10295
10288
10053
10151
10339
10365
10533
10321
10340
10244
10324
10308
10437
10285
10147
10322
10356
10147
10316
10420
10319
10356
10518
10358
10519
10326
10505
10464
10665
10555
10521
10541
10504
10372
10380
10444
10819
10773
10506
10431
10457
10486
10685
10534
10650
10609
10716
10756
10831
10601
10632
10422
10728
10675
10649
10728
10829
10716
10909
10687
10867
10901
10666
10694
10984
10924
10849
10820
10993
10979
10876
10994
10831
10948
10951
10903
10873
11068
11127
10939
11233
11320
11048
11066
11249
11201
11209
11110
11222
11067
11398
11176
11297
11307
11381
11364
11243
11594
11325
11459
11471
11426
11466
11620
11513
11454
11759
11726
11683
11664
11908
11897
11821
11602
11719
11862
11858
11934
12027
11886
11901
12061
12112
11908
12090
12209
12084
12173
12382
12061
12276
12352
12298
12682
12474
12468
12588
12666
12711
12661
12687
12798
12704
12829
12929
12691
12701
12712
12883
12916
12989
12776
13028
13122
12905
12834
13390
13277
12943
13093
13399
13107
13321
13096
13563
13178
13187
13637
13480
13327
13642
13470
13582
13308
13406
13393
13539
13467
13296
13217
13421
13259
13069
13412
13402
12916
13016
12849
12990
12679
12792
12541
12821
12479
12543
12446
12096
12216
11930
12167
11844
11830
11661
11744
11445
11417
11237
11056
10944
10810
10652
10514
10707
10372
10400
10030
10225
9817
9982
9681
9814
9626
9403
9499
9423
9399
9269
9277
9232
9148
8990
9052
8993
8846
8805
8692
8735
8724
8558
8694
8727
8427
8518
8331
8474
8506
8338
8290
8451
8409
8234
8437
8322
8079
8289
8215
8239
8092
8096
8009
8013
8192
8106
8025
8062
8086
8066
7859
8087
7966
7957
7981
7969
7879
7888
7872
7809
7820
7765
7809
7654
7677
7594
7587
7776
7730
7588
7727
7613
7557
7591
7353
7643
7460
7601
7611
7752
7755
7735
7736
7927
7900
8052
8151
8274
8497
8635
8762
9223
9412
9509
9927
10162
10254
10752
10967
11413
11772
11975
12648
13107
13181
13726
14199
14866
15360
15673
16237
16652
17128
17211
17572
18027
18592
19141
19215
19613
19949
20062
20143
20987
20982
21034
21057
21392
21242
21048
21507
21105
20691
20280
20307
20132
19708
19437
19049
18729
18377
18009
17505
16986
16413
15691
15196
14791
14035
13402
12834
12205
12068
11010
10741
10231
9663
9142
8726
8400
7908
7484
7124
6635
6311
6050
5648
5551
5192
4998
4733
4607
4498
4386
4311
4251
4181
4175
4253
4202
4185
4235
4360
4499
4572
4739
4804
5122
5264
5407
5565
6007
6180
6345
6622
7121
7398
7574
7927
8310
8555
8890
9447
9718
10319
10441
10767
11366
11508
12007
12117
12862
13028
13438
13748
14086
14159
14447
14601
14931
14986
15483
15364
15633
15739
16035
15627
15787
15903
15751
15404
15347
15406
15148
15098
14846
14910
14435
13868
13975
13500
12917
12872
12330
12051
11655
11244
11032
10424
10035
9610
9220
8980
8557
8027
7675
7277
6934
6471
6298
5814
5347
5045
4802
4502
4175
3917
3756
3367
3170
2949
2790
2610
2366
2245
2148
1873
1734
1631
1592
1395
1370
1167
1174
1080
999
956
874
874
781
724
741
665
617
596
552
583
553
515
533
515
514
470
477
442
520
457
431
456
456
449
449
426
395
414
393
430
395
386
365
412
418
385
373
351
388
394
413
405
404
374
385
413
399
417
360
389
394
348
380
391
393
369
387
385
387
386
382
367
358
372
360
386
350
385
377
365
413
335
374
341
377
325
368
392
338
353
343
388
353
346
369
376
358
380
352
374
337
371
352
339
334
347
373
320
319
350
350
373
353
366
365
351
334
339
338
312
342
352
332
299
336
335
325
355
318
335
348
310
283
342
337
293
330
331
308
307
341
307
318
339
302
327
281
320
289
333
290
283
307
355
286
1
0
