0
1
0
0
0
0
0
0
0
0
0
0
0
1
0
0
0
0
0
0
0
0
0
0
0
0
0
0
0
0
0
0
0
0
0
0
0
0
0
0
0
0
0
0
0
0
0
0
0
0
0
0
0
0
0
0
0
0
0
0
0
0
0
0
0
0
0
0
0
0
0
0
0
0
0
0
0
0
0
0
0
0
0
0
0
0
0
0
0
0
0
0
0
0
0
0
0
1
0
0
0
0
0
0
0
0
0
0
2
1
4
2
2
2
1
8
1
2
2
0
2
3
6
3
3
2
1
0
2
3
0
1
2
4
3
4
1
1
2
2
4
4
1
1
2
5
3
8
11
9
12
13
18
23
29
41
41
48
61
61
76
86
101
107
132
108
117
93
116
122
115
84
75
83
62
94
118
2140
10915
12106
12311
12692
12609
12555
12577
12364
12541
12387
12297
12276
12146
12306
12335
12340
12386
12101
12312
12365
12312
11921
11999
12047
11950
12215
12052
12007
12013
11892
11930
11981
12008
11845
11903
12036
11732
11898
11992
11814
11894
12016
12141
11916
12101
11834
11920
12233
12124
12190
12055
12174
12066
11888
11864
12137
12313
12182
12219
12241
12388
12492
12496
12354
12382
12235
12565
12576
12501
12672
12587
12654
12817
12753
12747
12715
12542
12727
12605
12802
12693
12867
12618
12599
12378
12388
12058
12184
11991
11967
11721
11599
11303
10975
10924
10666
10203
10068
9818
9446
9137
8822
8551
8172
7938
7564
7151
6858
6657
6345
6103
5798
5446
5467
5182
4987
4738
4560
4308
4222
4060
3889
3750
3707
3466
3393
3308
3022
3053
3018
2925
2751
2728
2605
2472
2554
2441
2312
2297
2289
2228
2163
2118
2000
2011
2028
1934
1878
1883
1854
1809
1803
1721
1718
1769
1776
1647
1733
1671
1676
1652
1736
1709
1712
1749
1640
1759
1815
1822
1784
1816
1921
1930
2027
2042
2203
2191
2348
2465
2514
2735
2881
3024
3408
3541
3984
4209
4615
5037
5465
5990
6744
7271
8317
8960
9872
10921
12132
13124
14573
15681
17409
18981
20717
22368
24141
26022
28012
29848
31927
33761
36025
37669
39196
41144
43903
45277
47153
48337
49881
50501
51624
52744
53450
53467
53803
53343
53413
52756
51998
50900
50316
48859
46839
45624
44277
41814
39779
37613
35925
33382
31535
29470
27209
25031
22900
21169
19208
17838
15840
14429
12671
11180
9885
8673
7690
6776
5822
5151
4481
3737
3285
2774
2391
2074
1724
1422
1234
1041
821
732
612
535
435
386
329
294
233
253
199
199
161
173
169
138
112
132
130
137
126
107
114
111
120
107
100
111
91
118
104
94
113
101
87
98
83
121
99
91
105
84
104
112
99
84
82
101
93
96
96
90
96
82
103
92
86
83
90
101
76
103
95
105
81
99
100
84
95
71
84
80
83
86
89
90
96
92
101
81
82
85
89
92
69
76
78
84
88
91
79
74
81
82
65
64
69
76
81
73
71
79
78
80
82
68
68
71
79
70
62
71
57
77
69
60
74
57
60
54
56
61
63
52
67
60
61
52
72
56
73
41
54
63
64
52
48
59
63
51
61
48
56
59
51
66
52
47
63
51
64
48
61
46
57
51
40
52
47
49
53
45
36
38
54
37
56
57
47
41
39
45
46
48
42
49
42
62
44
35
46
40
52
42
36
36
39
44
50
39
43
43
55
44
54
35
28
41
34
46
30
50
34
36
38
47
25
37
35
47
35
39
24
38
33
35
37
36
33
36
33
40
36
32
29
27
40
31
32
34
32
36
31
40
39
31
31
27
35
33
32
24
19
30
30
35
32
34
24
33
30
29
27
27
34
24
32
31
29
25
18
26
18
14
19
22
21
24
23
22
21
22
22
25
25
22
17
25
22
13
17
25
28
12
23
20
22
12
22
17
24
16
24
21
15
27
25
19
14
28
13
29
16
23
21
22
22
21
21
25
21
18
21
12
17
18
17
17
15
17
23
19
23
20
15
15
21
19
28
24
23
30
22
17
21
20
28
21
26
14
32
33
29
23
24
25
16
23
32
33
26
33
27
26
19
29
36
22
29
26
30
25
30
19
19
32
29
38
26
21
18
28
23
22
23
26
26
28
21
16
20
17
13
17
24
25
16
17
16
8
13
15
24
13
14
16
14
20
17
13
16
17
9
11
13
15
10
11
11
11
10
9
13
9
9
7
9
11
9
13
10
8
13
12
7
14
7
8
6
19
13
12
5
11
7
10
6
10
10
8
13
6
9
14
11
8
6
6
9
6
16
10
2
9
8
9
10
7
4
6
5
3
10
9
8
6
8
9
2
12
8
3
3
4
5
4
3
6
3
0
2
4
4
6
3
3
5
2
3
3
3
2
3
2
2
1
0
3
2
1
1
2
4
1
1
4
3
2
1
1
2
4
0
0
1
0
2
2
2
1
1
1
1
1
0
1
0
4
2
1
1
1
1
2
3
3
1
0
1
0
2
0
0
1
1
1
2
1
3
2
1
0
2
0
2
0
1
3
2
0
1
2
3
1
0
3
2
1
2
0
2
1
0
0
1
0
0
