0
0
0
1
0
0
0
0
0
0
0
0
0
0
0
1
0
2
0
0
0
0
0
0
0
1
1
0
0
0
0
0
2
0
0
0
0
0
0
0
0
1
1
0
0
0
1
0
0
1
0
0
0
0
1
1
0
2
3
0
1
2
0
0
0
0
0
0
1
0
0
1
0
0
2
2
1
0
1
0
1
0
1
2
0
0
0
1
0
0
0
0
1
1
0
0
3
0
3
1
0
1
1
3
1
0
0
4
4
4
3
14
7
8
12
19
12
9
11
9
17
11
19
19
11
18
20
21
14
14
17
13
19
19
19
16
23
14
25
18
25
24
29
16
23
29
41
36
28
52
43
47
47
53
69
67
60
90
87
115
145
140
144
160
161
172
181
192
163
175
195
163
177
158
177
139
163
360
8253
15830
16627
17135
16887
16734
16921
16799
16817
16603
16378
16603
16296
16255
16365
16080
15897
15983
15803
15970
15635
15578
15522
15897
15401
15414
15574
15668
15328
15229
15257
15095
15077
15137
15021
15300
15013
15048
15006
14895
14903
15053
15090
14729
15013
15073
14806
14954
14830
14903
14764
14912
14683
14661
14775
14946
14733
14793
14682
14972
14973
14964
14925
14966
14884
14862
14916
14800
14990
14589
14810
14761
14974
15031
14851
14963
14811
14875
15018
14896
15065
14688
14811
15016
14495
14824
14520
14833
14800
14592
14425
14265
14144
13886
14080
13722
13712
13512
13192
13237
12874
12494
12478
12065
12068
11815
11599
11394
11104
10882
10703
10813
10520
10418
10357
9962
9914
9689
9583
9485
9227
9186
9178
9039
9067
8858
8777
8853
8699
8519
8379
8456
8406
8288
8336
8358
8278
8181
8139
8014
7912
7826
8086
7775
7733
7868
7797
7671
7667
7605
7567
7682
7685
7687
7690
7552
7564
7391
7545
7583
7673
7626
7528
7496
7566
7585
7593
7735
7566
7729
7663
7747
7817
7815
7695
7784
7853
7752
7883
8233
8280
8301
8333
8389
8471
8689
8929
9335
9374
9827
10010
10237
10652
11007
11482
11926
12606
12959
13863
14719
15425
16163
16929
18046
19166
20158
21175
22514
23455
25109
26045
27445
28268
29830
31457
32560
33997
35133
35899
36950
38093
38485
39110
39950
40618
41095
41427
41261
40609
40814
39681
40139
39156
38885
37409
37094
35762
34494
33040
32027
30926
29662
27943
26764
25161
23860
22571
21338
20054
18651
17869
16928
15259
14869
13772
13126
12381
11585
11025
10567
10012
9449
9340
8895
8586
8385
7936
7793
7719
7717
7390
7417
7388
7230
7199
7345
7282
7150
7106
7148
7226
7131
7130
7088
7154
7083
7088
7285
7031
7132
6969
7295
7258
7297
7300
7236
7306
7305
7379
7347
7467
7368
7298
7599
7395
7433
7469
7356
7452
7373
7503
7637
7584
7678
7679
7750
7806
7753
7744
7767
8027
7923
7796
7957
8094
8012
7889
8076
8059
8150
8021
8177
8137
8162
8029
8190
8155
8278
8355
8175
8260
8329
8241
8360
8433
8421
8333
8258
8246
8432
8395
8602
8259
8452
8496
8408
8406
8358
8459
8514
8473
8293
8518
8389
8305
8562
8290
8383
8274
8495
8363
8532
8437
8263
8499
8580
8347
8348
8395
8231
8330
8318
8381
8171
8228
8036
7900
7939
7960
7905
7654
7787
7630
7615
7488
7599
7498
7158
7270
7094
7153
7021
6909
6879
6835
6817
6635
6785
6347
6614
6453
6388
6133
6232
6114
6136
6023
6188
6012
5973
5886
5775
5768
5730
5658
5747
5601
5596
5554
5597
5501
5476
5397
5398
5489
5301
5309
5358
5387
5382
5349
5315
5276
5351
5144
5172
5184
5208
5197
5102
5105
5391
5028
5131
5059
5299
5049
5022
5153
5237
5170
5079
5106
5141
5090
4965
5107
5094
4970
4820
4959
4946
4812
4897
4941
4788
4867
4794
4824
4833
4730
4790
4742
4693
4716
4667
4664
4818
4852
4724
4797
4787
4828
4865
4844
5006
4968
5135
5224
5266
5310
5323
5561
5605
5680
6020
6097
6158
6581
6767
6882
7079
7268
7744
7747
8124
8326
8596
8706
9052
9496
9669
9905
10342
10434
10703
11011
11258
11509
11835
12030
12144
12354
12608
12560
12914
13032
13094
13066
13121
13175
13070
13052
12839
12928
12997
12632
12552
12235
12171
11938
11926
11419
11051
10742
10598
10329
9855
9578
9197
8735
8410
8176
7681
7582
6879
6623
6295
6093
5802
5548
5189
4925
4487
4354
4270
3914
3840
3674
3456
3229
3013
3085
2869
2869
2761
2752
2713
2565
2719
2639
2637
2567
2609
2769
2903
2847
3035
3020
3171
3273
3357
3541
3748
3942
4009
4219
4511
4631
4842
5015
5198
5222
5649
5828
6124
6218
6472
6748
7010
7032
7470
7806
8024
7863
8234
8395
8551
8824
9018
9117
9431
9622
9576
9524
9574
9694
9742
9787
9912
9592
9651
9862
9662
9669
9458
9533
9415
9197
8862
8810
8517
8296
8072
8043
7733
7403
7073
6971
6860
6478
6288
6060
5762
5474
5240
5015
4869
4478
4307
3996
3840
3532
3381
3336
2974
2921
2606
2457
2249
2126
2127
1847
1761
1621
1560
1382
1333
1279
1115
1070
962
911
866
806
694
648
654
588
586
496
524
509
463
412
441
402
403
348
365
349
337
366
295
357
299
314
318
278
271
272
265
257
269
268
293
291
264
276
261
258
281
275
262
265
257
240
216
244
232
244
251
267
243
292
258
253
266
237
266
225
234
241
262
240
253
240
246
240
264
249
240
211
253
228
234
226
218
229
235
239
211
248
227
237
264
252
226
238
246
214
255
230
259
239
199
218
230
211
231
196
237
240
218
185
219
234
218
218
228
247
200
232
208
226
212
193
194
201
199
202
218
193
200
191
199
211
199
191
220
213
233
195
209
193
183
165
170
201
179
211
217
203
206
171
208
188
195
187
191
156
184
198
178
0
0
