2
5
2
5
6
2
3
2
4
9
3
1
5
3
8
2
2
6
2
6
4
10
4
4
5
2
4
2
4
2
3
2
3
7
9
7
2
4
10
7
5
7
8
6
4
12
11
11
8
8
10
10
8
9
12
19
14
20
19
21
35
19
31
40
42
75
416
3771
4679
4910
5184
5316
5325
5070
5023
4973
4883
5376
5703
5882
6545
6810
6805
6489
6656
6450
6428
6401
6243
6079
6001
7056
6713
6152
6550
7788
8111
8332
8570
8609
8147
7660
7141
6761
6647
6842
6749
6840
6851
6879
6684
6630
6527
6591
6535
6615
6659
6458
6588
6352
6431
6494
6368
6224
6225
6099
6136
6087
5995
5882
6227
5873
5871
5949
5758
5896
5670
5700
5773
5763
5690
5672
5693
5621
5394
5490
5303
5480
5442
5230
5380
5310
5215
5251
5303
5109
5128
5165
5029
5229
5117
5052
5053
4936
4909
4944
5090
4922
4835
4751
4715
4727
4675
4709
4743
4584
4560
4601
4507
4614
4521
4517
4556
4536
4428
4428
4531
4407
4377
4438
4333
4347
4378
4280
4438
4255
4318
4239
4183
4313
4226
4269
4280
4022
4137
4309
4074
4117
4007
4174
3994
4154
4038
4080
4040
4010
3943
4125
4037
4081
4122
4022
4075
4024
3971
4075
4018
3988
3898
3972
3994
3871
3928
3931
3878
3966
3892
4049
3910
3935
3799
3941
3769
3812
3863
3921
3843
3909
3964
3845
3991
3897
3988
3865
4016
4001
3890
3890
4055
3847
3859
3948
3997
3895
3943
4086
4003
4032
4075
3956
4073
4031
4066
4044
4124
3999
4023
4083
4102
4032
4046
4098
4110
4073
4058
4125
4195
4142
4105
4158
4131
4165
4118
4329
4114
4195
4091
4171
4104
4166
4124
4308
4257
4150
4214
4076
4180
4142
4127
4320
4122
4168
4047
4087
3984
4034
4035
4000
4123
4035
4017
3970
3992
3887
3781
3876
3789
3744
3701
3625
3606
3394
3451
3552
3591
3517
3681
3607
3530
3509
3435
3500
3496
3473
3468
3459
3432
3318
3475
3432
3511
3501
3425
3539
3392
3420
3415
3373
3297
3303
3303
3294
3276
3222
3280
3294
3303
3260
3195
3236
3344
3365
3429
3413
3538
3640
4010
4481
4336
4082
3902
3973
3986
3885
3398
3313
3398
3305
3372
3591
3585
3390
3571
3585
3621
3993
4109
4251
4123
4392
4549
4340
4026
3611
3452
3487
3654
3860
3933
3948
3982
3817
4178
4487
4966
5501
6902
8480
8525
7147
5344
4238
3729
2987
2622
2463
2419
2406
2361
2393
2376
2381
2404
2454
2361
2500
2545
2543
2515
2588
2696
3143
3311
3485
3237
3163
3057
3173
3203
3257
3192
2883
2667
2485
2541
2584
2601
2762
2758
2725
2701
2755
2904
3007
3317
3373
3437
3583
3596
3963
3902
3697
3382
3129
2928
2801
2849
2805
2934
3099
3220
3372
3218
3233
3200
3222
3552
3774
4187
5192
6052
7080
6969
5830
4615
3901
3464
3036
2709
2395
2241
2319
2357
2264
2282
2312
2245
2272
2209
2236
2207
2286
2314
2281
2300
2286
2279
2170
2293
2267
2225
2390
2327
2352
2289
2376
2346
2341
2451
2448
2531
2474
2397
2437
2401
2383
2333
2434
2441
2433
2447
2347
2416
2474
2422
2438
2491
2494
2561
2469
2380
2552
2598
2572
2640
2779
2737
2610
2668
2571
2544
2666
2598
2732
2556
2613
2709
2644
2553
2539
2453
2598
2565
2578
2530
2520
2548
2581
2588
2539
2478
2551
2580
2623
2670
2679
2537
2585
2592
2627
2636
2628
2753
2795
2653
2672
2657
2753
2747
2733
2813
2820
2782
2847
2709
2808
2698
2787
2792
2801
3001
2851
2761
2884
2813
2894
2879
2850
2915
2966
2937
2924
2953
2973
2998
2981
3030
2961
2982
3008
3068
3065
3013
2957
2884
2813
2854
2899
2756
2651
2492
2508
2507
2466
2342
2397
2358
2310
2305
2291
2231
2222
2188
2254
2204
2241
2097
2162
2059
2084
2139
2097
2206
2135
2071
2069
2170
2160
2065
2143
2126
2126
2059
2057
2065
1944
1994
2043
2037
2018
1980
1996
2022
2028
2078
1981
1974
1924
1989
1973
1992
1906
1928
1990
1880
1929
1907
1913
1897
1881
1887
1925
1829
1871
1813
1845
1866
1851
1817
1830
1871
1865
1793
1853
1813
1809
1872
1775
1805
1817
1752
1846
1931
1780
1831
1811
1837
1920
1869
1901
1890
1892
1909
1852
1837
1870
1898
1887
1854
1918
1902
1944
1978
1896
1933
1993
1940
1915
1988
1867
1898
1978
1871
1928
1819
1802
1820
1663
1636
1636
1543
1552
1556
1439
1383
1442
1368
1427
1335
1383
1378
1444
1337
1377
1383
1345
1431
1424
1454
1483
1482
1572
1563
1633
1648
1685
1842
1856
1921
2071
2331
2446
2730
3010
3487
4852
7462
11543
14925
15412
14413
14175
15789
16472
15394
12652
8650
4760
2575
1559
1099
916
798
793
721
735
732
721
699
677
711
650
650
597
628
580
599
560
588
560
537
549
490
489
524
514
477
452
443
457
459
450
424
441
411
375
426
410
374
373
390
361
411
382
339
328
337
320
313
337
353
313
322
341
328
329
313
339
287
322
339
324
316
322
295
290
341
318
304
303
319
302
316
330
335
348
359
307
353
359
374
370
404
374
421
407
468
456
446
467
478
537
539
530
637
602
665
669
680
760
813
886
926
974
1170
1277
1410
1607
1827
2020
2468
3426
5699
9239
13920
16416
16633
15004
13199
11031
8997
7290
5613
3466
1925
992
532
339
294
228
242
225
210
191
221
194
231
182
196
225
217
200
203
192
184
201
187
183
194
198
194
200
209
191
209
193
185
213
207
193
229
206
209
173
212
189
205
187
196
208
167
169
179
189
175
193
163
195
156
197
208
175
165
158
187
151
147
156
154
146
127
160
109
116
116
101
98
90
102
90
72
88
96
72
97
83
83
77
78
56
73
61
56
64
