0
0
0
0
0
0
0
1
0
0
0
0
0
0
0
0
0
0
0
1
0
0
0
0
0
0
0
0
0
0
0
0
0
0
0
0
0
0
0
0
0
0
0
1
0
0
0
1
1
2
2
3
0
1
1
1
4
6
1
1
2
4
2
3
0
5
3
11
114
148
213
575
652
624
623
668
604
526
639
622
908
742
650
597
533
552
501
482
469
452
502
612
499
460
500
616
564
655
593
566
522
431
403
407
391
376
352
342
324
314
337
340
316
303
357
332
311
311
281
322
309
301
325
230
290
287
255
269
272
296
288
324
332
216
285
266
210
212
253
266
228
219
205
211
242
217
196
209
246
218
208
193
209
215
188
219
225
308
238
180
189
198
199
196
181
245
321
272
180
192
170
184
181
205
199
190
182
188
173
179
169
162
171
166
158
164
195
160
166
140
164
150
133
155
156
146
147
176
145
155
162
149
164
127
132
129
125
133
145
119
147
125
127
119
135
128
133
151
131
110
97
103
131
119
108
131
109
114
108
131
107
131
107
100
99
131
113
99
106
98
136
168
127
115
97
92
80
78
102
99
86
94
108
91
85
77
80
87
75
86
73
82
86
78
90
92
141
96
79
84
73
81
86
70
78
87
77
66
77
71
86
75
75
48
72
121
114
87
73
79
56
74
50
51
61
64
71
67
76
75
66
64
53
49
62
70
62
63
48
61
66
70
59
58
59
67
55
56
63
51
47
70
70
48
57
61
48
50
52
46
41
45
50
48
60
61
67
52
51
68
90
59
69
39
51
52
56
54
53
34
55
51
38
55
47
53
58
45
60
97
58
55
47
68
47
53
47
47
49
63
54
49
40
42
50
46
42
41
49
51
49
46
51
74
42
49
36
50
42
41
37
47
38
36
29
37
60
40
37
33
30
34
32
22
35
39
38
47
39
35
40
30
32
22
25
33
49
67
40
31
30
25
31
26
26
21
26
25
30
25
34
34
28
31
29
22
30
23
27
24
28
23
20
33
23
43
23
34
23
20
18
20
20
14
20
33
21
15
19
23
22
31
32
71
313
277
67
30
25
30
19
24
20
23
23
19
31
15
22
26
22
25
23
28
19
24
15
15
22
24
13
17
15
23
15
15
23
19
19
13
15
16
16
23
16
21
12
20
17
18
21
18
18
24
20
16
24
18
12
16
15
19
22
18
17
23
15
21
17
14
19
12
19
17
18
15
14
16
14
16
17
15
14
16
12
16
14
12
15
12
8
11
9
6
12
11
18
8
13
20
14
12
15
18
16
7
18
11
16
14
14
9
17
14
9
18
19
12
17
32
39
28
19
13
15
11
22
11
12
13
12
11
13
3
9
9
8
13
6
7
7
4
10
9
11
8
7
4
13
14
4
11
10
9
13
12
7
4
8
7
4
13
4
10
11
9
3
5
4
7
10
4
10
13
10
5
1
11
7
6
8
9
8
4
3
6
13
8
4
5
4
4
2
6
1
7
5
4
5
4
2
9
7
4
4
8
6
5
5
8
8
3
6
8
5
6
6
6
8
4
10
8
8
7
6
5
8
6
7
6
7
9
8
12
6
6
5
12
6
5
8
10
7
14
8
11
9
10
3
2
10
8
12
11
5
4
3
6
7
14
5
1
4
1
2
1
3
7
4
6
3
3
3
3
4
2
7
4
8
3
6
2
4
1
8
3
1
2
5
6
3
2
8
9
4
3
2
5
3
5
6
3
3
2
2
5
1
2
2
6
3
3
5
4
3
6
7
7
2
2
5
2
3
4
5
1
3
3
3
3
3
7
4
6
3
2
2
7
5
1
5
6
4
1
3
6
3
3
1
2
5
2
3
3
2
2
2
1
6
3
2
2
4
4
1
1
0
5
3
0
1
1
3
2
2
1
1
2
4
3
4
4
4
1
4
2
2
0
1
2
4
6
3
2
2
1
2
2
7
4
0
2
1
2
1
2
0
3
0
3
1
4
2
6
2
2
2
0
3
2
1
4
1
1
3
1
3
4
0
0
0
2
1
1
0
1
0
2
0
1
1
1
2
1
3
1
5
4
4
10
7
7
4
11
24
33
12
5
1
3
0
2
0
5
0
1
2
0
1
4
2
3
0
1
0
1
0
1
1
0
1
1
1
2
0
1
0
0
2
0
0
1
4
2
0
0
2
1
0
2
2
0
1
0
2
1
3
0
0
0
1
1
0
1
2
1
1
2
2
0
0
0
2
0
0
0
1
0
3
1
2
1
0
1
3
2
0
4
0
0
0
0
0
1
2
0
1
0
0
1
1
0
1
1
0
0
0
3
0
1
0
0
0
0
