0
0
0
0
0
2
0
0
0
1
0
0
1
0
0
0
0
0
1
1
0
0
0
0
1
2
0
0
0
0
0
0
0
0
0
0
0
0
0
0
0
0
0
0
0
0
0
0
0
1
0
2
0
0
2
0
1
1
1
2
0
1
1
0
0
1
2
27
133
102
335
532
536
528
493
467
427
488
494
517
559
563
494
496
483
474
499
452
428
408
524
462
438
471
590
589
581
555
562
513
488
398
380
339
347
393
338
325
321
337
302
316
304
340
314
318
301
363
379
450
367
321
279
301
242
264
237
242
261
224
253
256
240
206
245
233
215
208
257
199
239
235
229
197
194
191
195
179
188
191
180
187
173
168
181
202
206
190
228
208
182
167
176
169
173
155
157
150
142
155
141
147
141
155
156
126
121
150
146
138
138
129
152
142
143
144
152
165
161
175
141
123
167
144
157
142
170
193
224
171
127
121
125
116
132
109
114
111
126
103
101
113
97
94
98
99
100
109
121
97
108
100
94
111
93
103
96
103
94
109
99
96
111
98
112
98
99
79
93
87
78
99
99
103
85
80
88
74
91
95
89
69
69
90
78
86
72
78
91
85
72
62
67
79
76
81
58
66
84
88
85
94
92
77
74
91
80
65
61
82
67
71
69
75
64
81
90
62
69
74
60
64
53
61
67
58
77
68
68
67
67
74
85
95
93
91
78
81
61
64
74
69
69
74
73
50
55
55
53
65
51
66
66
53
54
54
72
53
54
65
39
51
62
48
54
65
49
44
54
55
54
53
63
53
46
72
51
46
49
67
55
57
51
61
89
117
87
57
50
53
47
35
59
51
43
55
38
49
50
39
41
50
72
108
109
110
58
47
41
52
43
29
53
61
39
38
37
47
42
55
43
59
50
50
35
34
44
50
45
44
43
36
44
45
41
36
53
30
41
51
50
61
60
44
51
42
45
57
63
61
45
55
29
36
33
42
25
41
35
50
37
35
40
36
39
39
35
38
47
32
55
35
39
31
44
35
41
35
44
27
31
39
36
44
38
36
39
44
52
49
40
42
32
32
45
42
47
40
33
29
45
51
32
25
41
41
28
24
41
31
34
44
46
35
35
27
43
38
41
45
51
51
55
34
31
30
29
31
33
31
28
26
38
37
35
30
34
28
30
22
42
36
28
38
28
28
26
23
23
28
26
24
30
28
25
36
29
25
28
21
29
21
29
22
34
28
29
36
36
26
34
27
40
43
40
41
30
24
35
29
26
34
38
41
44
53
48
45
62
36
30
33
37
32
27
31
26
21
26
22
25
19
30
27
20
25
33
21
17
27
28
20
23
34
27
21
26
34
35
36
20
23
31
31
31
30
25
20
33
47
56
41
31
18
17
10
26
14
20
21
26
11
19
14
20
21
20
21
23
19
24
13
19
19
18
23
18
16
21
19
26
20
13
21
15
18
15
16
19
20
25
26
29
31
28
34
29
28
18
20
12
12
11
22
15
13
19
11
12
22
21
22
21
14
13
18
18
17
16
19
13
26
16
15
20
21
4
16
17
14
19
22
15
20
19
12
10
16
20
15
16
22
14
11
14
16
16
13
10
9
14
17
8
12
14
15
18
15
18
11
21
13
13
9
13
12
11
18
13
14
18
19
11
14
12
18
12
18
19
19
18
26
14
14
12
14
19
26
12
12
17
27
22
20
17
14
22
17
20
11
12
12
21
9
13
17
17
16
15
17
17
16
23
24
37
28
22
21
16
16
16
19
16
15
16
16
14
10
13
15
14
18
19
11
10
7
15
18
16
18
13
17
16
15
10
9
11
18
9
23
19
23
19
30
46
87
115
86
50
18
13
17
18
10
8
16
14
19
14
11
7
17
14
10
14
8
6
12
8
9
16
8
10
6
13
14
11
11
9
13
12
14
19
16
15
10
17
11
14
12
6
17
12
18
11
16
17
26
22
10
14
11
10
13
13
7
5
8
8
11
15
9
9
5
4
11
7
9
12
15
4
4
6
5
13
11
13
5
6
7
9
10
17
8
9
11
8
8
6
11
18
2
2
11
4
8
7
7
7
5
3
5
9
5
8
9
6
6
6
6
6
4
6
10
6
11
15
17
13
15
30
67
86
76
58
13
9
6
4
5
5
1
6
3
1
6
3
7
5
4
1
4
5
8
6
2
7
3
3
5
1
5
7
3
4
7
5
3
4
8
10
3
3
8
4
5
2
4
8
4
2
3
3
7
1
6
3
2
7
7
1
8
9
4
3
2
4
2
2
1
3
4
3
2
0
1
5
0
3
6
2
1
2
1
1
3
0
0
2
1
0
1
3
2
