1
1
0
0
0
1
0
0
0
1
1
0
1
0
0
0
0
0
0
0
0
0
2
0
1
1
0
1
2
0
1
0
0
2
1
2
0
0
1
3
2
0
1
2
2
3
4
0
1
1
0
5
4
2
6
10
10
11
24
23
18
13
22
32
39
50
85
2557
4984
4923
7249
8095
7943
7918
7584
7499
7027
7912
8632
8272
9256
9779
9293
9225
9716
10318
10302
9877
9597
9868
11475
12707
12038
13918
17991
21663
21038
15243
10736
9133
8446
7689
7278
7242
7122
7048
6596
6403
6558
6532
6329
6374
6495
6396
6551
6725
6794
7429
8083
8594
10531
17790
30669
29700
15338
7680
5852
5569
5283
5263
5398
5309
5539
5829
5390
4875
4537
4652
4629
4699
4736
4762
4770
4633
4675
4595
4426
4284
4421
4672
4455
4463
4461
4412
4418
4459
4437
4790
5322
5295
4490
4330
4186
4183
4140
4224
4326
4323
4238
4267
4467
4453
4465
4436
4507
4624
4732
4768
5016
5178
5148
5344
5760
5876
6865
9688
18951
24397
16467
10810
12896
29779
53773
39886
13788
5266
3769
3680
3495
3477
3619
3917
4360
4624
4035
3632
3614
4208
4912
4507
3661
3377
3310
3309
3264
3287
3323
3254
3216
3234
3344
3389
3252
3272
3354
3280
3140
3238
3173
3367
3359
3771
4598
6008
5233
3924
3468
3604
4002
4613
4023
3538
3255
3323
3560
3549
3423
3357
3413
3348
3245
3473
3591
3696
4252
5948
8301
7348
5683
4272
3335
3687
4048
3854
3117
2911
2817
2749
2861
2870
2921
2812
2856
2846
2816
2864
2792
2864
2826
2826
2781
2856
2855
2796
2871
2813
3024
3290
3402
3224
3153
3059
2838
2834
2774
2910
2867
3004
3000
2821
2588
2585
2658
2588
2548
2579
2434
2546
2616
2506
2759
2878
2871
2730
2631
2641
2492
2471
2422
2488
2518
2563
2598
2472
2656
2923
3349
3896
3770
3265
2740
2334
2248
2214
2242
2294
2221
2291
2341
2398
2792
3094
3060
2862
2663
2479
2235
2230
2239
2391
2349
2320
2325
2526
2492
2683
2637
2751
2608
2361
2388
2413
2298
2143
2131
2221
2208
2122
2085
2185
2315
2486
2503
2472
2382
2323
2475
2521
2772
3001
3144
2980
2634
2433
2185
1988
2067
2109
2303
2433
2832
3141
3070
2602
2140
2032
2058
1927
1816
1833
1813
1726
1811
1801
1764
1757
1710
1862
1854
1800
1844
1818
1836
1745
1834
1808
1838
1769
1761
1865
1832
1929
1834
2032
2073
2082
1736
1748
1708
1735
1991
2567
2417
1960
1691
1718
1641
1695
1685
1597
1514
1522
1529
1465
1526
1615
1505
1602
1590
1737
1694
1559
1587
1756
1855
1805
1619
1630
1550
1479
1488
1485
1477
1503
1471
1559
1496
1522
1520
1562
1600
1597
1627
1622
1665
1881
1946
1843
1867
1720
1688
1841
1767
1623
1568
1573
1525
1585
1729
1623
1617
1783
1866
1951
1996
2198
2856
5481
11090
11868
6049
2713
1748
1553
1445
1420
1454
1334
1299
1293
1320
1365
1313
1342
1327
1295
1338
1375
1491
1407
1476
1610
1679
1696
1537
1618
1974
2198
2564
2391
1934
1536
1320
1361
1337
1244
1181
1200
1155
1170
1157
1192
1206
1139
1195
1232
1366
1300
1210
1173
1209
1188
1147
1203
1182
1126
1189
1242
1221
1198
1222
1266
1361
1493
1961
3247
3929
2600
1581
1253
1272
1231
1106
1069
1061
1083
1025
1044
1058
1000
1088
962
1044
995
1032
957
1034
1031
984
930
1021
1024
1052
946
898
842
872
859
866
866
840
845
827
888
862
956
1131
1025
880
807
820
899
895
871
847
829
743
810
721
771
708
795
810
757
794
742
811
807
831
811
845
941
1085
1389
1577
2008
2091
2209
2477
3876
6787
8175
5497
2219
1020
765
655
644
626
640
631
611
576
576
592
616
625
586
625
679
662
646
665
619
634
587
627
641
600
602
607
654
774
829
707
644
525
522
486
484
482
505
497
515
498
503
486
517
488
461
475
465
426
515
506
480
491
460
491
494
507
499
476
453
509
506
496
498
474
519
495
506
475
492
491
516
540
567
534
576
541
590
626
654
665
772
828
984
1450
2221
2707
2421
2076
2182
3095
3902
4237
3315
2166
1405
967
788
689
683
678
665
795
998
1280
1930
2829
3141
2456
1992
2469
3728
4410
3985
2858
1609
939
697
654
703
754
787
722
618
565
496
508
443
446
475
435
512
491
470
478
452
447
496
497
470
486
491
499
454
511
461
533
505
478
507
505
504
514
490
506
512
531
524
540
616
529
539
521
534
498
530
508
509
533
494
433
507
433
448
426
423
420
371
353
378
401
373
391
402
400
455
577
595
507
505
587
580
575
501
470
357
349
348
322
311
348
386
402
478
444
418
476
432
424
410
339
359
288
288
278
324
315
309
288
300
284
294
270
256
252
222
191
211
254
231
210
230
223
228
253
251
248
260
245
252
252
218
197
194
206
181
193
221
200
210
215
248
256
312
469
524
450
447
405
418
330
284
219
196
155
140
95
137
141
131
135
111
108
118
107
109
126
108
115
103
129
135
140
127
148
124
126
125
117
105
100
90
102
79
79
81
97
77
86
84
73
95
90
91
90
75
81
79
82
97
69
81
101
89
96
96
73
84
105
99
95
129
110
125
118
114
135
124
179
171
180
204
261
272
339
391
491
669
1036
1978
3643
4687
4509
3743
3149
2820
2051
1610
1405
959
396
181
99
67
66
67
72
59
55
55
57
44
35
49
35
49
45
38
37
50
41
42
44
52
42
27
31
22
28
21
