0
0
0
0
0
0
0
0
0
0
0
0
0
0
0
0
0
0
0
0
0
0
0
0
0
0
0
0
0
0
0
0
0
0
0
0
0
0
0
0
0
0
0
0
0
0
0
0
0
1
1
1
1
3
3
21
29
50
92
90
21
23
51
52
51
55
63
442
2225
2238
4603
9447
10602
11645
12011
13290
16131
57634
148531
38576
17922
18346
14277
11412
10820
14156
13787
10091
8619
8102
9244
10110
8890
8740
10527
11334
11601
12571
18845
13708
10324
9520
9149
8555
8214
8304
8477
10055
14473
14156
9939
8794
8353
9107
10093
9582
7743
7111
6983
6878
6872
6979
6976
7157
7482
7285
6899
7001
6788
7001
7360
7254
6922
6699
6895
6552
6527
6496
6365
6430
6384
6548
6622
6381
6089
6479
6375
6713
8041
8534
8240
7185
6496
6099
6265
6223
5993
6228
6530
6341
5880
5674
5417
5457
5613
5623
5588
5604
5636
5758
6170
6835
7092
6003
5647
5806
6685
6632
5610
5044
4713
4896
4833
4790
4807
4830
4572
4660
4753
5065
5191
5112
4719
4851
5536
5210
4623
4412
4439
4322
4315
4161
4186
4131
4137
4346
4275
4271
4242
4299
4335
4465
4398
4062
4130
4108
4132
4427
4661
5742
9867
9158
5313
4730
4854
8069
13244
7538
4691
4385
4712
5443
5888
4802
4141
3772
3514
3478
3402
3290
3320
3407
3424
3338
3116
3071
3144
3198
3196
3327
3842
5392
4715
3583
3357
3465
3629
4523
3679
3091
2958
2954
2943
2891
2662
2604
2611
2587
2546
2635
2621
2327
2519
2428
2222
2301
2316
2152
2229
2201
2282
2323
2534
2904
5127
12877
9440
3333
2501
2378
2487
4171
3659
2319
2289
2264
2079
2027
1772
1857
2208
1734
1596
1535
1519
1518
1574
1442
1371
1432
1441
1382
1399
1332
1298
1356
1307
1285
1300
1343
1368
1389
1498
1529
1578
1735
2082
3191
8753
10117
4699
2550
1964
1800
2088
2481
3002
6808
12735
6248
2633
2619
2631
2060
1776
1648
1404
1390
1518
1573
1611
1548
1501
1414
1402
1387
1263
1360
1336
1481
1448
1420
1336
1368
1307
1287
1241
1224
1158
1100
1085
1076
1062
1185
1767
1529
1030
986
952
874
841
1119
1442
1078
813
778
821
852
844
777
727
609
649
649
614
590
686
780
620
587
566
508
550
598
639
1095
1384
764
500
439
470
409
407
346
383
379
348
384
475
426
361
342
319
313
308
308
330
278
292
297
273
321
318
291
370
296
323
329
367
425
541
616
766
972
1668
6040
13123
5827
1338
803
687
532
358
397
465
525
486
303
299
379
452
511
581
547
656
710
437
229
191
162
165
166
163
174
173
182
164
210
169
172
191
215
235
204
230
226
216
202
234
259
475
1064
782
259
160
148
141
107
91
98
104
92
97
90
87
95
114
110
101
129
151
105
83
74
85
66
86
76
81
82
72
70
71
79
61
72
66
68
79
51
66
73
74
82
111
115
95
80
84
65
42
61
49
59
52
47
55
54
47
46
49
39
43
48
45
35
38
45
42
41
52
41
45
31
46
38
50
47
49
47
60
50
49
56
40
43
48
54
39
44
49
52
44
43
39
39
40
42
30
48
37
34
29
32
31
28
33
34
33
39
30
30
32
30
34
20
34
22
20
31
31
23
24
33
36
34
34
18
22
25
17
19
28
19
23
22
21
22
19
19
16
18
18
25
12
20
24
27
12
19
13
11
8
15
19
20
15
11
18
11
15
12
13
11
12
10
9
10
19
15
14
13
12
12
16
17
8
15
15
8
11
12
9
16
10
10
12
13
8
12
14
12
7
9
14
8
6
12
8
11
10
8
8
8
9
12
8
9
11
12
9
8
7
9
10
13
11
13
10
12
8
12
9
12
13
6
11
13
8
10
9
7
10
7
11
9
12
5
7
6
13
11
9
8
4
7
5
5
6
9
2
5
9
8
6
5
12
5
7
4
9
6
8
7
8
8
2
5
7
5
3
3
7
8
10
5
9
14
4
4
4
6
4
4
2
1
5
4
8
4
6
6
1
6
9
3
2
7
4
5
5
10
1
3
4
4
6
4
3
10
6
3
3
4
4
7
3
4
7
7
4
6
2
5
3
5
5
6
3
2
4
4
2
7
1
2
3
2
3
4
2
4
2
5
3
3
3
5
2
2
2
4
1
2
6
2
4
3
1
2
4
1
0
3
5
2
3
3
1
1
8
2
3
2
2
3
1
2
3
1
5
0
2
1
2
2
4
1
3
2
2
1
1
1
1
2
2
2
0
4
3
1
2
1
0
3
1
0
3
1
4
1
0
1
3
0
0
2
6
5
10
10
6
8
7
7
3
2
2
0
2
5
2
3
1
1
3
0
1
0
1
1
0
0
2
2
0
0
0
0
0
1
2
1
2
0
1
1
2
0
2
1
1
0
0
0
1
0
1
1
2
1
1
0
0
1
0
2
0
1
1
0
0
0
0
1
0
0
1
1
0
1
1
0
0
0
1
0
2
2
1
0
0
1
0
0
0
0
0
2
0
0
2
0
0
0
1
0
0
0
0
0
0
0
0
0
0
0
0
0
0
0
1
0
