0
0
0
0
0
0
0
0
0
0
0
0
0
0
0
0
0
0
0
0
0
0
0
0
0
0
0
0
0
0
0
0
0
0
0
0
0
0
0
0
0
0
0
0
0
0
0
0
0
0
0
1
0
2
0
0
0
0
0
0
0
0
0
1
1
2
0
3
200
270
282
1028
1396
1481
1390
1466
1241
1155
1391
5593
15153
3664
2184
1493
1197
1048
1037
1021
1020
953
891
1091
1361
1111
1042
1148
1314
1444
1403
1350
1276
1106
1018
891
812
806
801
711
757
751
753
846
736
690
705
718
630
656
666
605
653
613
581
622
594
527
490
494
533
559
542
587
606
502
504
525
494
505
484
467
449
439
493
494
475
428
425
432
441
414
388
427
428
446
441
428
513
586
491
409
641
1186
680
409
414
1619
4121
1638
473
355
322
361
323
335
358
381
410
447
402
355
332
349
307
316
323
377
355
321
267
258
256
304
270
279
301
272
281
269
331
311
299
228
295
291
250
285
294
274
278
226
217
244
239
261
285
356
532
323
286
263
267
328
375
253
241
274
246
250
286
312
260
222
216
211
232
259
208
242
246
275
317
266
205
213
162
177
183
185
215
201
182
201
176
185
187
175
161
171
190
175
171
175
181
212
192
257
246
176
172
169
154
151
149
259
318
157
178
156
130
167
145
137
154
161
188
187
205
147
169
156
125
138
131
139
170
162
191
187
145
124
107
107
113
106
123
100
116
108
125
107
111
108
100
128
108
121
114
84
99
109
114
96
107
87
93
103
100
109
98
88
92
89
105
100
96
97
94
101
216
607
606
141
84
99
98
103
78
81
76
89
105
114
136
115
88
98
94
107
181
179
84
68
94
98
82
94
92
77
76
65
98
90
67
83
73
74
80
86
68
83
108
222
278
140
78
64
75
71
88
77
67
63
66
30
65
82
100
100
100
76
53
32
53
47
65
50
44
51
50
52
41
39
47
61
50
96
151
102
51
53
46
41
45
39
29
58
38
42
46
52
46
64
142
168
79
61
59
43
28
49
47
73
92
88
102
60
49
42
35
42
35
37
44
42
39
28
47
36
45
50
36
105
240
356
300
63
26
40
35
34
40
31
41
32
25
30
46
31
40
63
71
98
84
34
36
46
30
29
34
33
40
35
41
38
41
39
32
26
30
23
27
21
26
27
33
27
28
36
42
43
38
37
38
44
36
29
23
25
32
29
22
26
28
21
18
23
26
26
26
18
21
24
21
19
21
15
21
37
26
39
25
18
15
19
20
17
17
20
18
8
18
18
16
8
14
15
12
14
14
19
14
17
26
32
65
74
30
14
15
26
24
32
40
35
27
61
109
190
257
143
25
13
7
10
14
9
11
11
3
8
10
12
9
9
9
8
9
11
17
11
10
8
20
17
12
18
25
26
20
31
41
26
10
5
11
8
8
13
13
12
9
4
6
10
14
13
14
10
4
14
11
2
6
6
9
9
15
9
7
6
3
7
11
10
9
13
10
13
11
10
6
6
11
4
7
8
6
9
10
9
11
4
9
9
3
4
9
10
6
7
4
10
8
4
5
9
7
4
4
13
9
4
4
7
5
4
5
5
6
5
7
7
5
7
7
7
3
4
5
4
5
5
8
4
8
4
8
9
5
11
13
12
10
13
11
9
17
10
5
5
7
1
4
6
3
1
2
3
5
7
3
8
1
2
2
6
4
4
4
7
12
12
31
32
26
16
15
15
28
34
24
19
7
5
4
5
3
2
7
6
2
3
4
3
3
3
3
4
1
4
4
5
6
3
2
5
3
5
4
10
6
4
3
3
7
3
4
6
2
4
5
2
4
4
4
2
4
5
3
0
6
1
4
5
0
2
3
2
4
3
6
6
5
1
2
3
4
3
2
1
1
2
3
7
0
1
2
0
4
2
0
4
1
0
0
3
4
4
10
10
10
6
6
7
4
4
9
6
4
1
0
1
1
0
0
1
1
1
2
0
0
0
0
0
1
0
0
1
1
0
0
0
1
0
0
0
0
0
1
1
0
2
0
1
0
0
0
0
2
2
1
0
0
0
0
1
0
0
0
2
3
5
11
8
15
15
16
14
7
6
7
7
6
10
5
0
0
0
0
1
0
1
0
0
0
0
0
0
0
0
0
0
0
0
1
0
1
0
0
0
0
0
0
0
0
0
0
0
0
0
2
0
0
0
0
0
0
1
0
0
0
0
0
0
0
0
0
1
0
0
0
0
0
0
0
0
0
0
0
0
0
0
0
0
0
0
0
0
0
0
0
0
0
1
0
0
0
0
0
0
0
0
0
0
0
0
0
0
0
0
0
0
0
1
0
0
0
0
0
0
0
0
0
1
