0
0
0
0
0
0
0
0
0
0
0
0
0
0
0
0
0
0
0
0
0
0
0
0
0
0
0
0
0
0
0
0
0
0
0
0
0
0
0
0
0
0
0
0
0
0
0
0
0
1
0
1
0
0
0
2
1
2
4
8
4
3
10
2
7
6
4
11
61
132
147
265
843
1127
1088
1150
1530
2497
4149
6907
4004
1370
1064
993
1085
1089
922
808
778
819
819
815
752
838
838
821
867
948
979
935
837
828
767
614
588
603
536
575
520
521
554
522
527
454
483
490
463
472
475
441
464
465
434
416
432
432
412
397
442
407
415
388
381
351
378
376
338
362
351
398
344
343
341
297
336
327
350
318
300
320
376
368
345
362
350
386
359
419
500
746
925
637
477
579
872
992
526
311
319
280
263
307
277
278
306
291
260
243
266
265
272
253
212
232
252
241
219
229
195
197
218
196
213
224
206
214
198
211
203
215
198
167
202
194
221
218
202
216
188
202
195
213
233
279
281
255
197
215
173
200
208
183
192
197
167
197
185
179
174
166
154
157
145
157
157
137
181
166
151
156
123
117
111
140
108
110
118
119
113
130
100
115
133
119
106
111
105
120
144
120
130
137
115
125
120
126
124
104
111
116
126
123
134
129
101
101
104
117
106
88
98
90
89
105
99
98
75
70
76
85
82
91
76
76
95
74
76
62
67
72
51
50
59
68
47
62
83
57
65
48
49
56
51
56
52
62
50
60
55
63
67
55
46
45
58
48
47
50
60
57
68
57
76
97
109
138
168
154
99
63
45
50
58
55
41
53
50
45
51
65
66
42
57
65
48
46
59
43
45
38
40
51
50
40
42
54
37
40
34
42
45
38
40
51
40
52
56
57
88
65
45
44
33
20
38
31
30
22
20
22
42
35
38
31
30
36
31
29
27
19
13
24
38
25
24
17
24
27
32
36
47
37
37
37
34
16
26
22
20
26
23
21
27
25
30
28
25
38
31
51
50
24
23
35
20
25
21
36
34
35
38
36
16
18
29
22
23
22
18
32
29
21
28
27
47
51
45
54
67
56
51
34
22
20
15
16
13
21
29
24
25
18
31
17
26
23
26
19
30
16
21
19
16
17
15
21
27
13
18
19
17
15
20
14
8
10
15
16
16
10
12
21
16
9
14
19
18
13
21
15
12
16
12
9
11
4
3
11
9
12
5
4
14
17
11
10
3
10
11
13
10
9
12
13
13
10
11
7
16
13
6
14
11
10
7
4
9
12
8
4
14
10
15
15
16
9
13
19
23
21
21
10
20
18
19
24
21
31
28
39
35
47
40
31
28
8
8
4
4
5
6
6
2
4
4
7
2
4
4
8
3
5
7
5
4
12
6
9
3
9
8
6
2
6
6
3
3
8
6
2
4
3
5
5
4
3
7
4
8
1
5
4
3
8
4
2
2
3
2
3
5
2
4
4
1
8
9
6
3
5
6
3
4
4
4
1
1
3
4
6
4
5
3
2
4
0
3
7
3
3
2
4
1
5
3
0
4
4
3
2
2
5
2
2
2
0
2
0
3
1
7
0
1
0
4
4
1
4
1
1
4
3
2
7
2
4
3
3
4
2
4
7
3
3
4
3
2
2
2
1
2
1
5
5
1
0
1
1
4
1
0
4
3
6
5
2
5
4
4
2
3
9
6
16
6
10
16
9
4
3
5
5
3
4
3
2
1
0
1
1
3
0
4
2
3
1
2
1
1
2
2
3
2
1
1
0
3
1
2
1
1
2
3
1
3
3
5
1
0
2
1
4
1
1
2
1
3
3
1
2
1
0
0
2
1
0
1
0
1
2
1
1
0
0
3
1
1
1
1
3
0
0
1
0
0
1
0
1
4
2
0
1
0
2
4
1
3
0
1
3
3
5
1
2
0
1
1
0
1
1
0
1
2
1
0
1
0
0
1
0
1
1
0
0
0
0
0
0
0
0
2
0
0
0
0
1
1
0
0
0
1
0
0
0
2
0
0
0
0
0
0
1
4
1
0
1
3
2
1
3
0
5
1
5
3
6
2
3
6
3
2
0
0
0
0
0
0
0
0
0
0
0
0
0
0
0
0
0
0
0
0
0
0
0
0
0
0
0
0
0
0
0
0
0
0
0
0
0
0
1
0
0
0
0
0
0
0
0
0
0
0
0
0
0
0
0
0
0
1
1
0
0
0
0
1
0
0
0
0
0
0
0
0
0
0
0
0
0
0
0
1
0
0
0
0
0
0
0
0
0
0
0
0
0
0
0
0
0
0
0
0
0
0
0
0
0
0
0
0
0
0
0
0
0
0
0
0
0
0
0
0
0
0
0
