0
0
0
0
0
0
0
0
0
0
0
0
0
0
0
0
0
0
0
0
0
0
0
0
0
0
0
0
0
0
0
0
0
0
0
0
0
0
0
0
0
0
0
0
0
0
0
0
0
0
0
0
0
0
0
0
0
0
0
0
0
0
0
0
0
0
0
0
0
0
0
0
0
0
1
0
1
0
1
0
0
0
1
0
0
0
1
0
0
0
1
0
1
2
1
0
0
0
0
2
2
0
0
2
0
2
2
0
1
0
1
0
3
1
3
0
1
1
0
3
0
1
3
2
2
1
2
1
3
1
0
2
0
1
3
0
2
2
4
0
0
0
2
1
3
3
3
4
0
1
5
1
1
2
2
1
2
4
0
3
5
1
0
0
4
3
2
2
4
2
1
4
5
2
5
1
1
1
3
3
2
0
2
8
3
1
1
1
3
2
4
2
2
2
3
3
3
4
4
2
2
3
2
2
0
4
2
2
4
8
3
1
2
5
1
5
1
4
0
3
3
3
4
3
2
1
3
5
5
4
3
3
1
5
3
2
1
1
5
4
2
6
2
5
3
9
2
10
7
8
3
9
8
8
9
6
7
5
7
8
4
8
8
9
11
5
6
4
11
11
9
6
11
5
4
11
10
4
11
5
4
7
4
5
4
8
6
5
9
7
6
7
6
7
5
6
7
6
9
8
7
11
4
6
5
6
8
8
8
12
5
6
7
5
3
4
4
10
7
5
5
5
7
6
4
5
3
3
3
3
6
3
6
2
4
4
8
1
6
2
5
3
4
4
3
4
5
2
6
3
4
3
6
4
1
5
2
4
6
2
1
1
3
4
3
7
4
2
4
3
3
1
2
2
3
4
3
3
6
1
5
3
6
1
5
3
4
3
1
4
5
3
2
4
5
4
8
4
5
4
1
3
6
7
5
3
4
7
5
4
4
1
4
2
2
4
1
4
2
2
2
3
4
5
2
3
3
3
4
5
2
5
3
4
4
4
5
6
10
1
4
3
9
2
5
7
4
2
10
1
5
3
6
2
6
7
6
4
3
6
7
4
9
10
10
3
7
9
4
10
6
3
5
5
9
4
13
5
9
6
9
9
4
3
6
3
8
3
4
6
6
7
2
4
6
10
7
8
10
5
11
12
14
10
6
6
7
10
4
10
13
9
8
16
14
7
11
12
11
14
20
16
20
19
19
17
24
23
21
17
33
31
28
27
22
28
35
35
38
45
29
37
38
43
40
44
44
60
60
59
79
60
70
68
65
58
65
81
73
72
98
77
94
86
66
79
82
92
86
106
91
119
99
103
92
112
94
113
115
119
130
127
112
119
138
141
118
122
162
144
140
155
136
138
151
131
144
138
146
149
173
169
161
132
136
146
136
144
154
153
174
158
154
149
141
160
157
145
151
153
150
153
154
133
147
176
138
161
139
151
136
143
161
131
149
133
144
138
145
124
134
119
132
113
114
94
115
106
113
112
90
118
98
93
102
84
78
102
88
81
94
75
71
89
73
88
87
88
93
76
76
80
67
84
71
78
64
65
48
63
64
65
63
56
59
56
56
52
47
54
48
52
42
42
25
46
35
47
31
37
34
31
44
43
28
24
30
26
21
27
22
33
25
23
31
25
15
28
31
26
24
20
20
14
17
18
18
17
18
12
17
22
15
19
11
20
14
13
9
11
11
7
5
5
15
11
10
6
11
11
4
4
9
10
4
5
7
13
5
6
2
5
7
3
3
3
4
6
3
4
6
2
5
3
8
3
8
3
2
6
2
1
0
3
3
2
2
5
2
4
3
4
3
4
3
2
4
4
3
5
3
4
0
1
2
4
1
1
4
1
3
2
1
4
2
3
1
3
0
0
3
1
3
2
2
8
2
3
3
2
1
2
2
1
5
5
4
2
0
3
3
2
3
3
2
3
2
3
1
2
4
2
2
2
1
3
5
2
2
2
3
1
5
1
3
2
2
2
4
5
4
5
1
6
3
2
1
5
6
3
1
4
4
6
2
4
5
3
4
4
4
2
1
3
2
3
3
4
6
2
5
3
3
5
7
5
2
1
1
3
3
3
2
3
3
3
5
5
4
1
2
4
6
7
4
1
6
5
4
3
3
0
7
3
2
3
6
1
2
4
2
6
5
6
4
6
4
4
9
5
4
5
1
1
5
5
3
1
7
6
2
5
4
8
10
7
6
4
4
7
4
4
6
11
5
6
3
5
1
2
4
3
9
5
5
4
4
4
3
4
2
3
3
8
7
5
1
2
3
9
2
3
3
1
6
2
3
3
7
1
6
5
7
7
2
4
1
7
6
3
5
6
0
0
