0
0
0
0
0
0
0
0
0
0
0
0
0
0
0
0
0
0
0
0
0
0
0
0
0
0
0
0
0
0
0
0
0
0
0
0
0
0
0
0
0
0
0
0
0
0
0
0
0
0
0
0
0
0
0
0
0
1
0
1
0
1
1
0
0
0
0
1
0
0
0
0
0
1
1
0
0
0
1
1
0
1
1
0
0
0
0
0
2
2
1
2
0
1
3
1
4
0
0
3
2
1
0
4
1
4
1
1
1
2
3
2
5
3
1
2
1
2
4
0
3
1
1
2
1
0
3
3
3
1
3
2
1
4
2
4
6
1
3
3
0
3
3
2
4
4
2
4
2
4
2
3
0
3
1
1
2
1
5
3
2
5
4
4
1
2
1
5
2
5
4
0
4
4
3
2
4
3
2
2
2
4
2
5
3
4
2
4
5
3
3
4
3
4
4
4
3
4
10
1
2
3
1
6
5
0
4
4
5
2
4
7
3
5
4
5
6
3
4
6
4
7
6
7
5
5
4
4
3
4
7
9
6
6
10
4
7
7
6
13
7
9
10
10
13
9
13
14
10
9
15
9
11
13
13
12
16
12
9
14
12
16
10
11
17
5
12
12
12
12
22
15
16
9
15
13
7
14
20
17
10
11
18
18
9
13
5
8
20
9
12
14
14
20
18
15
14
10
6
14
15
9
14
12
7
5
6
13
11
12
12
13
10
12
6
9
9
6
9
9
7
10
3
10
9
8
14
8
5
9
11
10
7
8
4
6
8
11
5
4
4
11
9
4
4
9
12
7
8
11
7
3
9
10
10
5
6
7
13
2
5
6
7
1
7
7
2
7
6
4
5
6
4
8
8
6
6
3
4
6
5
7
8
8
7
6
9
8
6
3
5
5
13
7
5
8
8
8
8
7
8
4
3
4
5
9
5
5
2
7
6
7
6
6
6
5
11
5
8
8
10
10
8
5
7
6
5
8
4
12
6
12
8
9
11
10
13
6
9
9
5
14
8
13
7
6
10
3
14
3
7
12
13
8
10
5
9
9
14
11
14
8
9
10
11
9
6
11
12
11
15
11
9
15
15
9
15
10
12
16
10
15
8
12
11
12
14
18
16
18
5
13
11
14
14
12
8
21
19
16
18
12
20
14
21
18
31
31
26
22
20
18
35
30
21
35
26
30
39
30
34
42
48
50
49
41
54
55
45
66
67
72
65
72
76
80
80
78
84
104
102
89
106
105
107
104
133
131
131
147
109
142
139
158
143
162
142
185
174
213
219
200
209
211
254
244
218
270
248
282
250
256
278
272
277
239
267
305
302
280
296
321
313
322
317
321
328
337
354
364
348
373
393
355
379
324
377
388
377
351
401
404
402
367
367
360
378
408
339
400
388
439
431
415
385
398
390
385
372
357
360
387
370
361
351
371
369
332
365
353
366
348
350
383
355
344
322
350
329
272
338
314
289
315
304
261
278
253
285
298
261
261
270
267
253
244
252
252
233
234
209
219
194
199
218
191
201
203
198
174
182
174
172
180
165
171
145
139
162
142
169
138
140
144
123
118
142
106
106
118
106
100
93
105
92
90
98
85
93
85
70
82
83
57
85
73
73
64
77
71
68
71
53
53
55
56
55
47
49
43
49
45
36
45
45
29
44
37
37
40
26
42
27
33
33
23
25
26
24
26
30
25
31
21
25
20
15
15
18
16
14
11
18
11
19
18
11
6
10
10
11
6
18
9
14
11
9
10
14
8
10
7
3
7
5
9
6
10
5
3
2
11
6
9
4
6
6
4
11
6
12
4
4
6
3
5
4
4
9
4
3
6
3
2
2
10
2
4
9
1
6
4
2
8
6
4
1
6
2
3
2
1
4
2
7
1
2
2
5
1
4
3
6
4
3
3
3
4
4
7
4
2
2
3
3
3
2
7
3
3
4
2
4
2
0
6
5
4
2
2
2
2
7
0
3
3
1
5
7
2
2
6
2
1
3
5
5
4
6
3
3
2
3
3
5
6
3
2
4
8
7
4
1
2
7
5
3
4
4
5
3
2
3
8
4
4
2
3
4
6
3
5
3
5
6
3
6
3
5
5
1
1
5
5
3
3
9
2
4
4
8
4
5
10
4
4
1
3
5
7
8
6
3
4
6
3
6
7
10
4
6
5
2
2
7
12
9
8
7
5
6
5
0
3
4
5
8
3
4
5
7
5
6
6
10
4
5
5
4
11
6
3
5
10
4
7
4
5
9
5
6
11
5
9
7
6
2
5
7
1
4
5
10
8
5
6
2
8
6
3
4
7
6
7
7
3
4
8
4
2
5
6
0
0
