0
0
0
0
0
0
0
0
0
0
0
0
0
0
0
0
0
0
0
0
0
0
0
0
0
0
0
0
0
0
0
0
0
0
0
0
0
0
0
0
0
0
0
0
0
0
0
0
0
0
0
0
1
0
0
0
0
0
0
0
0
0
0
0
0
0
0
0
0
0
0
0
0
1
0
1
0
0
0
0
0
0
0
1
0
0
0
0
0
1
0
1
0
1
0
1
2
1
2
3
1
3
1
3
1
2
2
2
3
3
2
0
1
1
0
1
0
1
2
1
0
2
3
1
3
5
0
2
1
4
2
1
3
1
3
3
0
0
3
1
5
1
2
1
3
0
3
2
2
3
2
5
2
1
2
1
2
1
3
2
0
3
2
0
2
4
5
6
3
6
1
3
4
1
5
3
4
4
2
2
5
3
3
3
0
2
0
2
2
3
5
1
1
2
1
0
2
7
3
1
1
2
1
4
3
2
5
2
1
5
3
4
6
7
7
3
6
8
2
3
4
3
4
7
6
4
9
3
2
4
4
6
5
6
6
1
2
3
6
3
9
8
5
6
9
13
13
8
8
12
11
8
4
5
10
8
4
8
10
11
9
15
8
7
9
12
12
11
11
7
11
12
9
7
13
16
15
18
10
11
14
13
15
12
12
7
11
7
7
10
12
9
9
10
14
19
7
11
7
6
11
14
8
9
12
11
7
11
6
11
9
12
12
7
6
7
7
10
7
12
9
5
4
10
9
5
10
7
14
5
11
8
12
6
16
3
6
4
5
5
6
2
5
6
6
5
8
6
8
9
7
7
6
5
7
9
4
7
10
3
9
4
5
5
3
6
6
2
7
4
5
3
6
5
1
6
5
4
7
6
8
5
8
9
2
5
4
2
7
1
4
6
7
5
2
4
8
5
2
6
7
6
10
7
9
4
6
4
5
5
6
5
3
5
3
5
6
3
4
4
9
3
6
8
8
4
8
7
5
8
7
11
5
12
8
9
9
10
4
5
11
4
6
8
10
9
4
6
8
9
7
6
2
6
6
11
10
9
10
9
9
11
7
7
3
11
12
9
16
8
10
13
6
14
14
11
13
6
12
15
9
8
14
10
9
11
5
7
8
5
11
11
16
12
16
14
11
18
26
13
7
16
13
15
14
16
22
17
15
18
19
24
18
22
24
26
28
17
19
27
28
29
24
22
39
32
35
46
45
62
54
48
48
51
69
66
64
92
73
69
54
76
84
88
102
92
89
99
116
114
115
113
129
129
122
109
129
146
140
148
160
176
166
169
172
174
187
192
196
181
199
221
235
208
219
242
232
219
237
243
286
262
233
239
273
248
241
271
268
253
304
325
288
249
297
288
300
299
278
284
284
331
321
310
302
263
317
311
307
337
313
290
333
334
317
292
297
330
313
311
282
334
324
268
275
286
299
301
326
290
291
271
283
264
268
294
248
262
254
261
248
231
256
224
237
255
237
225
216
233
211
227
218
205
202
193
193
188
194
170
202
164
172
186
145
177
155
161
145
149
148
134
121
118
142
118
125
113
137
104
115
114
116
102
119
87
98
93
86
85
88
92
97
81
66
69
66
76
81
76
59
57
72
54
52
60
64
57
47
46
55
61
52
51
50
57
40
38
44
40
25
40
50
42
37
25
45
29
26
35
27
29
23
27
27
25
26
25
24
23
21
11
29
19
14
12
13
13
23
18
17
8
12
15
11
8
11
15
12
10
1
9
11
4
10
11
11
2
7
9
7
7
6
7
10
8
6
11
5
6
4
7
10
8
10
5
8
7
2
4
7
4
4
6
2
4
6
1
8
3
0
2
7
4
2
3
5
2
2
5
6
6
2
1
3
1
2
3
3
2
5
9
2
3
2
5
2
5
3
5
4
4
4
3
3
5
6
2
4
4
2
0
6
3
2
0
3
4
7
1
3
5
3
2
3
0
5
3
1
2
2
1
4
5
4
3
1
2
3
5
4
1
2
3
6
3
4
1
4
6
2
5
1
3
7
3
8
3
3
4
3
5
7
5
1
2
3
2
1
4
3
1
7
5
5
2
6
6
2
6
4
4
7
10
5
5
2
5
6
6
7
3
3
5
4
12
3
8
1
2
3
2
5
4
7
6
4
4
5
1
5
11
3
5
14
4
5
5
7
3
5
5
6
4
4
8
6
7
6
2
4
4
3
3
2
6
11
7
4
10
4
5
4
5
9
6
4
4
8
6
9
4
7
5
11
4
2
4
6
5
5
8
5
4
1
5
7
2
1
8
5
8
4
7
8
3
1
5
7
4
4
3
5
4
5
5
3
6
5
7
6
4
0
0
