0
0
0
0
0
0
0
0
0
0
0
0
0
0
0
0
0
0
0
0
0
0
0
0
0
0
0
0
0
0
0
0
0
0
0
0
0
0
0
0
0
0
0
0
0
0
0
0
0
0
0
0
0
0
0
0
0
0
0
0
0
0
0
0
0
0
0
0
0
0
0
0
0
0
0
0
0
0
0
0
0
0
0
0
0
0
1
1
2
1
5
0
2
0
2
2
0
3
2
1
0
2
1
1
3
2
1
3
4
1
1
1
0
0
3
0
2
1
2
3
0
6
2
2
0
1
3
2
2
3
5
4
1
1
2
2
4
0
3
0
4
0
0
2
0
2
1
2
3
3
0
2
1
0
1
1
1
1
0
1
1
3
2
0
1
3
0
1
2
4
2
0
0
0
2
3
3
0
2
3
2
1
1
2
2
2
3
1
2
5
1
2
0
0
0
2
1
2
1
1
1
0
0
2
0
2
0
1
3
2
5
1
1
0
1
1
2
2
0
0
2
2
2
0
4
2
5
3
3
0
0
1
4
0
2
4
0
1
1
2
3
1
3
3
2
1
5
4
4
5
0
0
0
5
3
4
3
4
3
4
4
2
0
3
2
2
2
3
2
3
4
2
1
0
1
2
2
3
4
5
0
2
2
3
3
5
5
3
5
2
1
5
4
0
1
3
2
2
2
7
1
1
6
1
2
1
5
2
7
1
1
1
2
6
3
1
3
4
1
3
2
5
1
2
3
3
1
0
2
3
2
1
3
3
4
3
0
0
0
2
3
1
3
2
2
0
2
6
2
2
5
3
2
1
3
1
1
1
2
1
4
4
5
6
7
3
3
2
6
5
6
5
8
5
7
4
9
5
5
10
10
3
8
13
5
12
16
10
11
7
12
13
14
21
15
14
13
15
17
13
14
21
25
27
31
24
26
35
31
28
34
23
22
26
37
25
19
41
36
30
39
46
37
51
32
31
48
58
43
47
39
43
44
49
43
50
46
49
49
51
52
50
54
41
53
66
59
45
51
51
48
50
49
47
37
44
42
41
62
39
38
43
49
47
52
40
43
29
39
43
31
38
40
37
38
38
42
47
25
39
37
32
38
39
32
42
31
25
23
26
35
25
29
27
32
15
30
29
36
24
21
29
17
25
27
20
20
24
14
21
30
22
18
21
14
24
21
12
19
21
12
13
17
15
18
13
9
14
5
16
14
15
13
8
15
11
17
10
14
17
24
21
15
9
16
18
15
17
12
12
15
18
10
13
20
19
20
12
13
22
12
19
16
16
21
18
22
15
18
17
18
26
24
21
23
22
24
20
24
24
17
27
17
24
29
23
22
27
23
21
25
27
19
30
33
29
25
32
22
34
29
36
25
31
32
19
39
25
29
26
42
23
40
34
30
28
29
28
23
35
29
26
34
27
22
30
27
20
24
19
31
27
30
24
31
33
24
24
24
23
29
24
24
25
23
18
22
23
17
27
22
20
13
21
17
16
20
11
19
19
27
18
19
18
17
22
7
16
23
15
16
15
8
12
14
8
8
6
13
14
12
14
13
9
4
9
10
14
6
12
13
10
5
4
8
5
3
10
7
10
14
6
2
6
8
4
8
12
9
5
4
3
9
8
6
7
5
6
3
3
3
1
7
4
2
8
1
0
6
3
3
7
1
3
1
2
1
3
3
2
4
1
3
1
3
5
5
2
2
3
1
0
1
5
0
2
4
1
1
3
1
5
1
6
3
5
3
3
2
1
2
2
0
0
3
2
2
4
5
1
0
1
2
3
0
0
3
3
2
1
1
2
2
3
3
0
2
1
1
0
5
4
1
1
3
4
6
2
5
6
2
2
3
6
4
6
1
4
2
2
3
2
2
2
2
1
5
1
2
3
1
4
5
2
3
2
2
4
3
5
1
5
3
1
3
2
1
5
4
3
2
8
2
1
4
4
2
4
1
4
4
2
3
6
5
5
3
0
4
4
4
4
4
3
3
4
3
3
4
6
1
6
3
2
9
3
4
2
2
1
4
1
5
4
6
6
3
5
6
1
6
3
5
4
0
4
4
3
4
4
3
3
4
5
6
4
7
7
5
2
7
8
3
8
6
9
6
6
7
3
5
11
3
3
3
8
6
8
5
4
8
4
3
5
8
4
9
7
6
4
2
7
4
3
4
4
7
10
4
5
7
7
5
11
14
7
6
7
3
7
6
5
7
14
5
6
3
7
5
4
9
12
9
6
5
5
11
6
4
6
3
4
10
8
6
9
5
8
8
9
8
7
6
9
7
5
3
6
12
6
9
6
5
6
6
6
5
7
9
6
7
12
0
0
