0
0
0
0
0
0
0
0
0
0
0
0
0
0
0
0
0
0
0
0
0
0
0
0
0
0
0
0
0
0
0
0
0
0
0
0
0
0
0
0
0
0
0
0
0
0
0
0
0
0
0
0
0
0
0
0
0
0
0
0
0
1
0
0
0
0
2
0
0
0
0
0
0
0
0
0
0
0
0
0
0
0
0
0
0
2
1
1
0
0
3
0
0
0
1
4
3
0
2
1
1
0
0
1
2
0
1
1
1
1
5
1
1
2
2
1
3
2
3
3
1
3
4
2
0
1
3
1
1
3
2
2
3
1
0
2
2
2
2
4
2
4
1
3
2
2
3
1
1
0
3
3
4
2
2
2
3
3
0
1
1
5
1
1
4
2
0
2
4
1
4
1
0
0
2
4
5
2
3
6
4
3
5
5
1
3
3
1
2
6
3
1
0
4
3
0
1
2
4
4
2
2
1
6
4
2
5
6
2
6
4
2
2
0
3
4
4
5
3
3
5
6
3
4
3
3
4
5
4
9
2
8
3
3
4
9
3
7
2
8
7
5
9
7
10
6
4
12
5
5
3
7
12
9
10
6
5
5
8
8
7
5
7
7
5
7
10
10
13
18
9
11
7
6
10
12
8
10
6
7
9
5
9
11
8
8
12
9
11
16
15
12
13
10
11
4
7
10
8
5
6
11
7
9
9
9
6
8
6
3
6
11
10
4
12
6
5
6
7
7
4
5
12
6
7
8
5
4
8
11
7
2
6
6
7
3
4
4
5
2
7
7
5
5
5
4
6
6
3
3
7
4
5
3
5
6
2
11
11
9
11
2
10
3
4
3
6
8
2
2
5
11
1
6
3
6
10
8
3
2
8
4
6
5
5
2
6
3
5
2
6
2
7
11
4
9
1
6
7
8
6
3
2
3
2
5
7
7
2
5
3
5
5
6
4
6
5
6
12
3
9
4
4
8
3
5
5
8
6
4
7
12
5
5
3
4
4
8
4
6
6
6
6
6
7
7
7
10
8
6
11
8
8
8
5
11
9
4
5
8
6
7
7
4
6
8
7
12
7
13
5
8
5
11
9
7
8
7
6
8
6
10
6
11
9
4
14
16
10
5
9
9
9
10
10
15
10
13
5
8
13
14
10
19
23
18
13
9
9
23
20
14
16
20
9
22
16
14
19
23
25
21
31
32
30
24
29
24
28
33
45
33
40
42
48
40
35
50
56
65
54
55
57
74
48
55
78
70
75
93
92
92
103
117
103
110
102
112
130
109
117
109
123
124
120
143
154
137
154
162
145
144
143
165
164
177
177
181
192
225
184
206
181
214
222
220
231
208
205
217
224
232
230
242
252
258
254
239
253
234
241
266
254
281
254
236
266
275
235
261
251
278
255
240
236
242
220
231
249
263
214
241
241
227
244
268
245
256
255
224
240
212
229
230
229
216
231
195
179
212
190
178
191
191
203
158
188
194
180
196
161
183
163
157
162
148
153
172
143
146
131
157
138
111
142
142
132
116
119
120
111
130
113
99
104
113
94
111
102
96
83
107
81
75
76
80
85
80
68
64
87
83
76
70
73
53
67
55
51
47
61
47
47
62
54
36
45
51
56
46
51
35
33
30
36
44
34
36
38
33
22
23
34
25
31
20
29
22
27
26
19
21
26
25
24
21
14
13
20
19
16
17
16
16
10
19
18
13
12
10
14
15
11
16
16
10
13
13
15
9
5
12
8
5
10
5
5
4
12
3
7
2
8
5
6
1
3
3
5
4
3
9
9
5
10
6
5
6
8
3
4
6
4
5
5
6
3
1
5
4
3
5
4
7
2
4
3
2
3
4
5
8
2
3
1
6
1
3
0
2
4
4
0
3
1
4
1
1
2
6
2
4
3
1
4
1
2
4
1
5
2
2
3
1
8
4
4
1
5
3
1
3
3
3
2
0
2
9
2
3
6
2
4
0
3
4
5
2
6
6
3
1
3
4
4
3
3
0
3
3
3
1
6
2
2
4
2
4
6
6
3
2
0
4
1
5
4
5
1
5
1
1
5
4
3
4
3
6
8
6
4
11
0
6
3
4
7
4
3
1
3
4
6
3
4
5
5
0
2
4
6
2
3
3
10
5
2
8
2
2
5
3
3
4
3
5
8
2
6
7
9
4
2
5
12
1
6
7
3
4
9
4
8
2
10
6
4
1
6
4
5
5
10
7
6
1
6
10
9
5
7
4
4
5
3
7
5
5
2
4
5
3
9
5
5
8
2
8
10
7
9
5
5
4
10
3
5
7
6
4
8
4
9
10
7
1
9
4
7
7
8
8
0
0
