0
0
0
0
0
0
0
0
0
0
0
0
0
0
0
0
0
0
0
0
0
0
0
0
0
0
0
0
0
0
0
0
0
0
0
0
0
0
0
0
0
0
0
0
0
0
0
0
0
0
0
0
0
0
0
0
0
1
0
0
0
0
0
0
0
0
0
0
0
0
0
0
0
0
0
0
0
1
1
0
0
0
0
1
2
0
0
1
0
1
0
3
1
0
0
0
3
1
0
1
2
0
0
2
0
2
1
0
0
0
1
1
1
1
0
2
1
3
1
3
2
2
4
5
1
2
0
3
1
5
2
2
1
2
1
2
2
1
1
1
5
3
0
2
0
1
2
4
2
2
0
3
2
2
3
3
2
2
0
3
3
2
3
2
1
3
3
4
0
1
1
4
1
4
2
2
2
5
2
1
3
2
3
4
1
5
2
2
3
1
4
2
2
3
3
3
1
2
5
4
2
2
3
3
4
3
2
3
1
6
3
4
3
5
1
2
3
4
6
6
4
3
5
1
1
6
2
4
1
2
1
4
3
2
3
3
7
2
3
4
8
7
2
5
6
6
4
6
9
8
8
4
7
6
2
11
11
7
15
12
4
10
5
8
4
9
3
7
8
6
11
5
13
8
6
4
8
5
9
6
10
6
6
12
4
7
4
5
9
7
10
7
9
5
15
7
7
11
11
9
11
5
5
5
6
13
4
10
7
13
8
6
8
4
7
3
6
6
6
6
4
4
8
6
7
3
0
3
8
4
4
3
3
5
3
10
8
3
4
5
8
5
3
3
0
7
3
2
9
2
2
10
8
3
2
6
3
0
2
5
5
8
3
8
2
6
3
6
8
2
7
3
1
5
3
2
2
3
2
4
4
9
3
6
5
5
5
3
5
3
6
3
6
8
6
7
2
3
2
9
4
4
8
7
4
4
2
2
6
8
7
7
3
6
3
5
5
2
3
6
5
4
3
4
6
8
5
3
6
9
5
8
6
3
3
2
9
3
6
5
7
5
9
8
1
5
9
3
0
7
5
4
5
9
7
6
6
3
9
6
6
4
6
7
7
3
7
6
8
8
7
7
5
5
7
8
9
6
11
9
10
11
6
10
4
9
9
4
6
8
6
8
11
5
7
9
7
17
7
9
8
10
17
10
9
11
10
6
11
14
12
12
11
17
17
23
16
26
21
21
29
23
19
27
21
21
25
26
27
18
33
40
38
27
40
51
48
40
39
45
53
56
54
55
50
51
71
51
64
54
69
77
78
69
76
74
86
89
74
100
90
106
112
87
134
91
103
123
126
151
126
125
135
127
129
160
151
131
147
141
149
140
140
158
178
169
164
162
197
183
162
170
176
184
185
175
202
203
197
206
169
210
196
215
190
196
220
211
184
210
176
204
211
184
211
193
202
228
189
192
184
184
183
183
182
186
175
179
170
194
176
189
184
178
201
171
180
158
152
140
175
174
158
143
144
132
136
149
152
150
139
141
141
114
133
114
126
102
133
123
98
124
110
112
103
119
109
106
130
95
118
88
100
101
95
87
98
76
83
71
79
83
70
64
64
78
66
52
62
72
49
51
67
52
50
61
50
49
42
55
35
41
46
47
36
47
35
39
42
35
44
47
25
29
46
28
26
27
20
26
31
25
27
25
25
20
24
25
24
24
16
22
16
16
22
9
18
12
19
15
11
22
25
12
16
11
10
8
9
8
9
12
11
7
8
7
19
9
5
8
7
8
6
7
8
5
2
4
8
6
6
2
6
5
6
6
4
1
6
3
2
6
4
4
2
8
5
1
4
3
3
4
4
1
2
2
3
5
6
3
3
3
2
1
4
1
4
4
1
3
1
2
3
3
5
2
4
1
2
0
4
5
2
0
4
1
1
0
1
1
5
2
7
1
4
3
5
4
4
6
4
3
4
0
3
4
3
2
5
2
2
3
3
2
0
2
4
3
3
0
2
3
4
2
3
3
1
2
3
5
5
4
2
5
3
3
3
3
3
3
4
1
4
4
3
2
3
4
1
5
9
3
6
2
8
3
2
3
0
2
2
3
3
4
6
3
4
2
6
4
5
3
1
4
5
6
7
6
4
0
3
8
5
1
3
5
3
5
5
5
4
2
2
4
5
4
5
3
3
5
4
7
4
7
4
9
9
6
8
6
3
9
4
7
5
3
5
8
8
8
4
3
3
5
3
9
7
6
7
7
8
4
6
6
5
2
6
6
7
10
5
5
5
5
7
5
8
6
5
7
3
4
3
5
3
7
3
7
1
6
8
8
7
8
4
6
6
3
5
8
1
4
10
11
6
4
8
6
4
4
1
5
0
0
