0
0
0
0
0
0
0
0
0
0
0
0
0
0
0
0
0
0
0
0
0
0
0
0
0
0
0
0
0
0
0
0
0
0
0
0
0
0
0
0
0
0
0
0
0
0
0
0
0
0
0
0
0
0
0
0
0
0
0
0
0
0
0
0
0
0
0
0
0
0
0
0
0
0
0
0
0
0
0
1
0
0
2
0
1
2
1
1
1
1
1
2
2
0
2
1
0
1
0
1
0
4
1
6
1
1
2
2
0
1
1
2
0
3
1
0
0
1
1
0
1
1
2
2
1
3
2
1
1
1
2
3
2
0
1
2
2
2
0
1
2
2
4
0
0
1
1
0
0
1
1
3
0
2
0
3
2
3
0
2
4
1
2
1
3
1
1
2
2
1
2
1
0
3
2
2
0
4
2
1
0
0
2
0
3
0
0
2
0
0
2
1
2
2
1
3
1
1
2
0
0
3
1
1
0
0
1
3
2
1
1
3
1
2
1
1
1
0
2
0
1
3
1
2
3
3
2
3
2
1
4
2
1
1
2
2
3
2
2
2
2
0
0
0
0
0
0
2
0
2
3
1
1
3
0
3
3
0
0
2
1
3
1
1
3
3
2
0
0
1
3
2
1
1
1
0
4
1
3
0
1
2
0
0
0
2
3
8
2
0
2
1
1
2
1
2
4
2
5
3
1
1
4
0
2
1
1
3
2
2
1
2
2
5
1
1
2
0
2
1
3
4
1
4
7
3
5
3
8
6
2
3
5
5
3
7
4
8
6
8
3
7
8
11
8
14
10
14
10
12
17
17
13
19
18
19
26
23
32
25
34
25
33
31
45
35
29
38
35
32
48
52
49
54
42
54
42
47
61
51
54
62
56
68
52
65
61
57
56
54
79
59
65
71
74
78
68
80
65
68
77
79
81
63
62
71
74
78
78
88
72
63
82
86
82
64
77
82
77
78
69
72
68
60
64
72
73
67
69
47
57
69
75
63
64
48
55
51
55
49
53
60
58
46
37
57
41
45
39
50
49
43
33
37
31
34
33
26
27
41
27
30
25
25
27
30
28
22
22
26
24
21
20
22
16
26
15
17
16
21
10
14
16
14
9
12
11
12
8
17
10
11
3
9
6
10
14
11
8
11
7
11
13
7
5
5
5
8
6
2
6
5
7
4
3
3
7
7
2
2
6
2
3
7
4
2
4
1
5
1
3
3
5
5
3
5
0
3
0
3
1
3
2
3
4
1
3
2
0
3
2
2
5
5
1
2
4
2
1
4
3
3
3
4
3
3
5
4
5
3
4
5
6
3
3
2
5
3
1
2
4
4
7
0
1
7
1
5
8
3
3
2
3
6
5
9
3
3
3
1
7
3
3
5
5
0
4
6
4
3
5
0
4
3
4
9
6
5
4
3
5
5
3
2
3
5
3
6
5
6
5
4
1
4
1
6
4
6
4
4
2
5
2
2
6
1
5
5
1
5
5
4
3
3
2
2
5
1
5
3
3
1
2
8
1
5
2
3
1
2
0
2
5
2
3
5
2
0
4
3
2
1
1
4
1
1
6
1
2
2
1
1
4
1
1
2
1
4
1
3
2
0
2
1
1
3
2
2
3
2
0
4
0
2
2
3
0
1
2
3
1
1
2
4
3
1
0
2
1
1
1
3
0
1
1
2
4
1
1
0
2
1
1
1
0
1
1
0
1
3
1
1
2
0
0
3
1
4
2
3
0
1
2
0
0
2
3
0
0
1
0
3
1
2
4
2
1
0
1
1
2
1
0
1
1
3
0
0
6
3
0
2
2
1
0
2
2
2
1
1
0
2
1
0
3
1
0
2
2
5
1
2
0
1
1
3
2
0
1
1
4
1
4
1
0
2
5
4
1
2
1
5
2
3
4
0
4
2
4
4
2
1
3
1
1
3
2
1
5
3
4
0
0
2
2
2
2
1
3
4
2
3
5
2
2
6
2
3
3
2
2
1
2
2
4
4
3
1
2
0
4
2
1
1
2
2
2
3
0
2
3
4
0
3
6
1
1
2
1
3
8
3
2
5
1
6
1
0
2
3
4
1
1
7
4
2
5
2
4
5
5
3
5
8
1
1
3
4
4
0
4
3
1
4
6
2
5
1
3
3
3
7
3
4
4
3
8
5
5
4
2
8
3
13
4
4
5
3
0
1
5
6
2
6
4
1
4
10
10
5
3
4
6
4
4
5
3
6
1
2
6
10
2
4
3
1
5
2
7
8
3
8
7
4
7
2
4
4
3
5
3
1
5
7
4
4
6
5
3
4
7
7
6
3
3
6
2
3
1
6
4
3
0
0
