0
0
0
0
0
0
0
0
0
0
0
0
0
0
0
0
0
0
0
0
0
0
0
0
0
0
0
0
0
0
0
0
0
0
0
0
0
0
0
0
0
0
0
0
0
0
0
0
0
0
0
0
0
0
0
0
0
0
0
0
0
0
1
0
0
1
0
0
0
0
0
0
0
0
0
0
0
0
0
0
0
1
0
0
0
0
0
2
0
0
0
1
2
2
2
0
2
3
1
2
0
2
2
1
2
2
2
0
0
1
1
5
0
2
3
0
1
1
1
1
1
1
1
0
1
1
2
2
1
1
1
0
3
1
3
0
3
4
2
1
1
0
3
0
0
1
0
0
1
0
1
0
0
0
2
0
1
2
2
1
1
2
2
5
1
0
3
3
3
1
0
2
1
1
1
1
3
0
3
3
4
1
2
2
1
1
2
1
2
0
3
1
1
3
0
4
1
2
1
2
3
3
2
2
4
3
2
4
3
0
2
0
4
4
4
4
4
1
6
2
2
2
3
4
3
4
5
5
6
5
3
6
2
4
9
4
4
7
4
3
4
3
11
7
3
7
6
12
7
8
7
6
7
6
7
2
10
8
8
4
6
13
9
4
7
10
8
10
9
10
10
9
8
10
7
12
11
11
6
13
9
6
9
6
13
18
11
13
8
8
9
10
8
9
9
8
9
3
9
10
13
4
8
6
8
9
5
5
7
8
7
8
10
8
8
12
3
9
2
5
8
7
1
8
6
5
5
10
8
3
7
5
5
5
1
1
2
0
5
6
4
4
5
4
7
4
4
5
7
2
8
4
1
3
4
5
3
3
1
3
10
2
1
9
4
3
7
4
4
2
1
3
4
6
3
6
6
7
3
2
4
0
3
4
3
6
2
1
5
4
3
2
1
3
6
5
4
2
7
8
7
1
3
4
4
4
3
5
5
3
2
7
7
2
4
4
5
2
2
7
6
7
2
3
5
4
10
2
8
5
4
5
3
3
5
2
4
10
5
3
3
7
8
5
5
8
3
2
7
3
5
7
8
7
3
9
7
4
7
5
10
11
4
12
10
7
6
4
7
7
9
6
10
11
10
9
9
10
8
14
8
8
13
8
7
4
9
12
14
5
13
10
7
8
6
11
10
5
10
9
8
7
16
9
14
13
12
15
17
15
22
15
18
25
26
20
22
20
20
17
26
41
25
26
28
25
36
43
31
41
44
29
33
50
60
62
54
55
47
57
65
69
88
69
71
75
84
86
88
90
89
91
85
93
107
101
118
112
119
138
146
137
135
134
152
136
164
154
159
148
161
178
178
196
178
220
205
194
178
208
209
246
207
209
214
229
208
197
231
253
233
209
225
254
234
226
242
272
240
241
234
256
238
247
243
224
228
253
258
267
262
246
257
271
250
250
227
269
241
258
245
251
270
242
279
224
242
227
237
256
252
235
211
229
235
170
212
211
218
191
189
178
204
183
188
214
193
183
177
163
182
159
188
157
173
175
169
160
154
142
153
134
139
133
135
125
119
127
121
131
101
116
122
136
110
111
89
94
106
92
85
82
87
82
86
84
78
86
90
76
71
73
71
58
72
53
59
70
40
63
50
45
55
55
53
38
55
37
48
35
37
29
28
36
31
28
39
32
25
23
25
27
21
35
33
30
23
29
13
17
22
21
17
19
18
15
15
16
13
19
16
13
18
17
16
14
12
11
15
15
15
8
5
15
9
7
4
6
14
6
7
6
6
1
6
5
6
5
7
10
7
6
6
4
5
1
6
8
8
2
4
2
5
7
3
4
4
2
4
2
2
0
2
4
1
1
3
6
1
3
2
0
1
2
2
2
2
4
1
3
3
1
4
1
3
2
2
2
2
3
3
3
2
3
0
1
2
0
1
1
2
0
1
0
2
1
2
1
2
4
0
2
3
0
3
4
0
2
5
3
1
0
5
5
1
2
2
2
1
1
2
1
3
1
1
5
4
1
2
1
2
1
0
3
4
5
3
1
3
1
2
2
1
1
2
4
2
2
6
1
6
2
2
0
3
1
2
2
2
3
2
2
5
3
2
1
2
2
4
4
3
0
1
4
3
3
3
2
4
3
2
3
1
2
3
7
5
0
1
4
3
3
5
2
2
1
6
4
5
2
4
4
2
4
6
4
3
1
2
1
5
5
3
4
7
5
1
1
4
3
5
2
1
5
0
3
8
2
2
1
1
5
2
6
4
5
3
5
3
2
2
2
5
5
6
3
6
6
3
7
5
2
3
3
3
0
2
5
3
4
2
4
3
7
3
6
4
6
2
7
1
4
4
4
4
6
1
3
4
1
7
4
0
0
