0
0
0
0
0
0
0
0
0
0
0
0
0
0
0
0
0
0
0
0
0
0
0
0
0
0
0
0
0
0
0
0
0
0
0
0
0
0
0
0
0
0
0
0
0
0
0
0
0
0
0
0
0
0
0
0
0
0
0
0
0
0
1
0
0
0
0
1
0
0
0
0
1
0
0
0
0
1
0
1
1
1
2
1
0
0
1
0
0
0
0
1
3
1
0
1
1
2
0
0
0
2
1
1
3
2
0
3
2
5
1
2
0
0
1
1
4
1
4
1
1
2
2
1
1
0
3
0
2
0
2
3
3
1
2
4
0
1
1
2
0
2
6
2
3
1
0
0
0
1
4
1
4
5
3
2
1
2
3
2
3
1
3
0
5
1
1
1
2
4
2
3
1
1
3
3
2
3
5
1
2
0
2
1
1
0
3
1
2
4
0
4
2
1
0
4
0
3
4
2
3
2
1
4
1
2
4
1
1
2
7
4
1
1
0
2
3
0
0
1
3
7
0
0
3
1
3
1
2
4
0
4
1
2
3
4
2
2
2
2
2
0
1
4
5
4
6
2
3
3
3
6
6
3
0
1
1
5
0
3
2
2
5
0
2
1
1
1
7
1
3
2
4
4
4
4
2
5
2
3
0
1
0
1
3
1
4
2
4
1
3
2
1
3
3
3
2
2
1
1
2
1
3
4
2
4
1
1
2
5
7
2
3
1
3
1
2
2
3
8
1
7
1
1
2
2
2
4
2
6
2
0
3
0
4
6
4
2
2
3
5
8
0
2
6
2
2
4
6
3
3
6
5
7
7
7
6
3
4
6
3
5
7
5
3
8
6
10
5
8
2
6
4
9
8
16
10
8
7
5
6
8
8
10
13
7
5
9
7
9
10
6
7
19
10
8
11
11
12
7
10
10
7
14
7
9
15
10
12
10
14
10
11
17
15
21
18
8
13
17
12
15
12
14
21
16
17
12
12
10
20
13
15
15
15
18
17
12
19
12
15
10
17
16
16
16
18
16
19
10
10
16
22
15
13
20
18
10
16
9
13
16
15
10
13
16
15
19
12
17
13
18
16
13
16
14
16
15
14
16
12
15
15
21
16
14
13
16
17
13
10
13
16
23
16
13
9
20
23
22
21
19
17
22
10
11
18
19
19
17
11
17
23
22
16
19
12
14
11
15
11
18
21
14
9
13
19
18
17
15
13
17
10
18
15
19
14
19
20
19
14
15
13
18
16
11
10
14
15
15
8
12
19
14
16
17
18
11
19
13
17
16
11
12
9
20
16
16
14
17
14
24
14
19
12
17
10
15
12
25
15
16
14
11
13
13
15
15
11
13
15
22
16
21
17
14
18
15
11
17
18
17
12
11
16
16
16
13
15
18
19
18
19
16
13
12
17
20
19
13
24
20
24
30
17
25
30
19
17
30
23
24
20
27
20
20
38
35
48
48
39
33
40
53
42
43
49
43
43
50
57
54
46
55
65
59
65
68
74
73
71
64
67
73
71
91
93
78
97
97
107
88
104
105
125
109
127
130
119
130
117
133
122
146
116
151
151
149
139
152
182
161
170
185
161
163
181
178
182
180
178
210
221
217
185
205
212
228
197
216
243
242
217
224
234
239
248
258
243
236
272
271
238
252
257
271
299
269
283
272
285
255
312
294
287
273
300
285
295
266
269
291
282
289
295
334
307
304
321
285
325
287
259
295
316
282
289
288
303
284
249
270
282
290
279
274
265
286
270
257
268
310
283
266
253
282
238
248
249
247
253
253
251
234
248
250
218
206
226
202
223
218
202
196
205
199
191
183
214
196
186
177
175
187
165
177
182
171
186
161
167
142
148
164
143
131
148
126
112
136
127
134
126
133
114
117
92
111
112
107
107
110
112
101
87
89
104
84
80
74
96
72
83
93
100
95
69
67
62
83
53
72
71
71
50
66
50
46
56
50
49
48
61
42
45
53
45
47
40
38
37
43
37
34
41
30
36
42
33
43
45
30
33
19
29
25
30
22
32
24
36
15
22
18
20
20
14
18
24
30
20
24
19
22
24
13
15
12
14
10
7
12
17
10
11
11
21
11
16
16
13
9
12
14
5
6
6
9
13
15
8
9
13
4
8
5
5
4
7
13
6
7
5
5
3
8
3
6
4
6
3
8
6
3
8
6
7
10
7
7
5
5
9
5
10
6
4
2
5
6
8
5
6
5
4
6
6
7
3
5
2
2
1
4
6
4
3
6
6
3
5
3
3
1
6
5
3
2
5
1
9
5
1
3
4
2
4
7
3
2
3
3
2
2
3
3
7
3
2
2
3
1
0
0
