0
0
0
0
0
0
0
0
0
0
0
0
0
0
0
0
0
0
0
0
0
0
0
0
0
0
0
0
0
0
0
0
0
0
0
0
0
0
0
0
0
0
0
0
0
0
0
0
0
0
0
0
0
0
0
0
0
0
0
0
0
0
0
0
0
0
0
0
0
0
0
0
0
0
0
0
0
0
0
0
0
0
0
0
0
0
0
0
0
0
1
0
0
1
1
2
0
2
0
1
0
0
1
0
2
1
0
1
1
1
1
2
1
0
0
1
1
0
0
0
0
1
3
1
2
1
2
0
0
1
1
1
1
0
1
3
0
1
1
1
1
0
0
1
3
2
2
0
0
0
1
0
3
1
0
2
2
1
0
0
0
2
2
0
1
0
0
0
1
1
3
1
1
1
3
0
1
1
0
1
0
0
1
0
0
0
0
2
1
3
1
1
1
2
2
1
3
1
1
1
0
1
0
2
1
1
1
2
1
2
1
0
2
3
0
3
1
1
2
0
1
2
0
1
2
1
2
0
4
1
1
1
0
1
3
1
1
0
4
1
1
2
1
0
3
2
2
0
2
5
1
2
0
3
0
1
1
2
1
0
2
1
1
3
0
2
3
1
2
0
0
0
1
1
1
2
1
1
3
3
2
0
1
4
3
1
1
0
2
4
1
2
4
0
4
2
3
6
3
4
5
7
1
3
6
3
4
4
6
7
10
6
6
8
10
7
9
12
9
8
5
19
13
19
7
10
13
21
22
16
23
21
18
19
27
28
26
33
24
29
29
22
27
24
32
39
32
37
29
31
35
28
23
35
28
31
27
42
56
33
35
42
33
47
34
36
33
41
33
47
46
54
34
51
41
50
51
35
39
42
43
41
41
33
47
36
37
39
37
46
32
33
41
42
38
36
39
38
35
35
40
32
36
28
31
27
28
22
24
14
23
27
24
19
25
27
19
14
24
22
20
16
14
18
12
16
24
13
20
17
14
7
13
5
10
17
8
11
8
10
10
8
12
7
14
7
8
10
8
5
6
3
2
7
5
5
10
3
9
4
4
2
5
2
5
3
3
2
2
1
1
0
3
6
1
3
3
4
0
5
4
5
2
5
1
4
6
2
4
2
1
4
1
2
2
3
3
1
2
1
2
3
2
2
2
3
4
4
1
1
5
2
1
1
2
2
2
2
1
3
2
3
2
1
0
0
3
3
1
2
4
1
4
1
4
2
2
5
7
5
4
4
2
1
2
4
3
4
4
4
3
4
2
2
2
3
4
3
3
1
6
3
3
1
2
7
4
7
4
5
5
2
5
3
3
5
3
4
4
6
0
3
5
3
3
4
6
2
7
8
3
5
4
3
5
2
1
2
7
2
8
5
3
4
7
5
4
4
4
3
4
3
6
5
4
3
3
3
3
3
4
3
3
9
1
9
2
7
3
5
4
4
4
3
3
3
4
4
5
2
6
2
2
3
2
3
3
3
4
1
2
1
5
3
4
5
5
5
3
2
2
2
2
1
3
5
3
4
2
1
2
2
1
3
3
0
1
3
0
3
2
0
3
3
0
4
4
4
8
1
1
0
2
4
3
1
5
1
0
2
0
1
2
1
0
2
4
2
3
2
4
2
2
3
2
1
2
1
2
0
2
1
2
4
1
2
1
0
2
0
1
1
4
2
2
1
2
0
2
3
1
0
3
2
1
2
4
2
1
0
2
3
1
0
0
0
1
0
0
0
1
3
2
0
3
2
0
1
1
3
1
2
1
1
4
1
1
0
1
1
3
0
1
1
2
0
1
1
1
2
1
3
2
0
1
1
5
2
2
4
1
4
1
2
0
1
1
1
1
5
1
2
1
1
2
1
0
1
1
0
0
1
5
3
1
2
2
3
2
3
4
3
2
5
3
1
1
4
2
3
1
1
0
1
4
0
3
1
1
2
3
1
2
1
3
3
1
2
5
4
1
2
3
2
2
2
6
3
2
0
4
2
4
2
3
2
4
2
1
2
1
2
5
0
1
5
5
2
2
2
3
4
6
2
0
2
1
6
5
3
1
1
4
2
1
4
4
3
3
5
2
6
0
0
5
3
2
3
3
5
6
2
2
1
4
5
1
4
6
1
2
6
4
4
3
4
7
5
5
4
4
5
6
4
2
4
4
2
2
2
3
3
2
4
0
3
2
4
5
4
1
3
3
4
7
3
5
5
0
6
4
2
1
4
2
3
5
8
3
3
3
6
5
7
3
3
3
5
6
5
3
1
6
4
1
5
6
4
5
6
3
3
4
2
6
3
7
4
4
3
5
5
3
7
6
5
7
4
4
6
4
5
0
0
