0
0
0
0
0
0
0
0
0
0
0
0
0
0
0
0
0
0
0
0
0
0
0
0
0
0
0
0
0
0
0
0
0
0
0
0
0
0
0
0
0
0
0
0
0
0
0
0
1
0
0
0
0
0
0
0
0
0
0
0
0
0
0
0
0
0
0
0
0
1
0
0
0
0
0
0
0
0
0
0
0
0
0
1
0
0
1
0
0
0
0
2
0
1
0
1
1
2
0
1
2
1
0
1
2
0
2
1
1
1
0
0
1
1
1
1
1
0
1
0
1
2
4
1
0
0
1
1
2
0
1
4
1
0
2
1
1
0
1
1
2
0
3
1
4
4
1
5
2
7
5
1
1
3
3
2
7
6
3
5
2
2
3
7
7
5
7
3
6
3
3
4
6
3
2
7
2
2
2
2
4
2
6
4
5
11
4
11
2
6
7
5
9
3
6
5
5
7
4
6
4
12
5
4
10
2
4
4
7
3
4
5
6
6
4
3
2
6
2
4
0
2
3
3
5
5
4
4
4
2
2
3
3
2
4
1
2
2
2
2
3
3
2
2
2
4
2
3
2
1
1
3
0
3
2
1
2
2
2
0
4
3
3
5
2
3
2
4
2
3
1
2
6
6
0
4
2
2
2
0
2
2
1
2
3
1
2
3
4
1
0
1
3
3
3
1
1
2
1
2
0
2
2
1
1
3
0
1
2
1
5
1
1
1
2
0
2
1
3
2
2
0
3
1
1
2
0
0
1
0
3
1
1
3
3
3
1
2
1
0
2
1
0
2
3
0
0
0
2
2
3
0
3
1
1
1
1
3
5
1
4
2
0
1
3
2
3
4
2
2
3
2
2
1
5
1
3
1
2
0
1
2
1
1
0
2
5
3
2
4
1
3
4
2
0
2
2
1
1
1
2
3
3
4
3
4
2
2
3
7
6
4
7
1
2
2
1
3
5
8
5
2
3
9
3
10
3
5
8
7
8
4
6
7
14
6
18
13
7
11
12
14
4
10
6
17
15
21
18
20
15
29
17
29
19
20
26
24
33
33
29
29
35
37
33
46
40
44
36
44
49
60
55
45
52
46
67
49
58
74
69
74
61
73
76
81
87
93
73
87
101
89
102
89
108
103
115
117
100
112
112
124
114
125
119
135
131
128
132
112
148
115
126
105
129
111
140
123
111
128
143
136
117
147
140
146
131
156
129
141
130
150
124
126
125
131
145
109
124
130
153
125
111
112
154
108
122
106
125
100
97
95
103
104
106
94
102
107
70
91
102
89
102
89
91
91
73
75
87
64
87
76
82
67
71
64
64
57
73
60
64
56
51
62
57
51
59
60
58
58
54
42
36
41
48
44
39
36
44
45
30
37
32
29
40
33
30
27
33
24
24
28
24
33
24
28
11
18
24
25
16
22
27
17
14
13
26
17
18
21
10
20
12
7
14
9
10
14
15
7
14
7
9
9
12
9
6
7
4
8
10
8
6
4
10
8
6
10
5
5
6
5
8
6
3
5
5
4
6
6
4
2
3
1
5
9
4
2
5
5
3
4
6
1
3
2
2
3
3
3
4
2
7
3
1
2
2
3
2
2
1
0
4
3
1
0
5
3
4
0
2
1
1
1
0
3
0
0
3
1
2
2
1
1
0
2
1
1
1
4
0
0
1
2
1
0
2
1
0
2
1
2
0
0
2
2
1
4
2
0
1
1
3
1
0
3
1
0
1
1
2
1
1
0
0
0
0
1
2
2
0
3
2
1
1
0
0
1
1
1
1
2
2
2
0
2
0
1
0
1
0
1
1
0
3
0
1
3
0
3
0
1
2
3
0
0
1
0
2
1
2
2
2
2
1
1
0
1
1
1
1
2
6
1
2
1
4
1
5
1
4
2
1
6
0
2
1
3
2
0
3
2
1
1
2
2
4
2
1
0
0
3
4
1
2
1
1
5
1
1
5
2
3
4
1
3
2
1
1
3
4
6
1
1
6
4
2
3
2
3
3
2
3
1
1
1
2
3
4
2
3
4
3
4
3
2
0
4
2
1
2
3
4
4
3
4
5
2
1
1
8
3
3
2
4
0
0
1
5
3
6
6
1
5
5
5
5
4
4
2
2
0
2
0
1
2
0
2
3
5
5
6
5
2
7
2
5
1
2
3
5
1
4
6
7
4
3
3
0
5
4
3
1
1
2
3
4
3
0
6
2
4
2
3
4
0
5
4
6
9
4
3
3
3
4
5
4
1
5
2
3
3
1
2
3
1
3
7
5
3
3
4
3
2
8
4
2
8
4
4
5
5
9
1
4
2
2
3
6
2
6
3
0
0
