0
0
0
0
0
0
0
0
0
0
0
0
0
0
0
0
0
0
0
0
0
0
0
0
0
0
0
0
0
0
0
0
0
0
0
0
0
0
0
0
0
0
0
0
0
0
0
0
0
0
0
0
0
0
0
0
0
0
0
0
0
0
0
0
0
0
0
0
0
0
0
0
0
0
0
0
0
0
0
0
0
0
2
0
0
1
0
1
2
0
0
0
2
1
0
0
1
0
1
2
0
2
0
1
1
1
2
5
1
3
0
2
2
1
1
1
2
1
2
3
1
1
1
0
0
3
1
2
2
0
2
1
1
3
0
2
3
0
2
0
1
1
1
3
2
0
2
0
2
0
1
1
1
1
4
1
0
1
3
2
4
4
0
4
3
3
6
2
1
2
3
4
2
3
0
3
2
5
2
3
7
2
4
9
3
3
1
6
1
8
7
11
6
4
6
10
4
6
7
8
5
4
9
4
12
6
8
6
6
9
3
7
6
7
10
15
7
12
4
13
7
10
4
5
10
14
7
16
10
11
6
10
3
5
10
16
6
12
12
5
8
18
5
9
12
6
17
12
5
10
8
8
6
10
4
11
8
7
6
9
4
8
14
13
9
3
11
7
13
7
6
11
6
7
4
8
3
5
10
6
6
3
6
2
9
3
5
7
3
5
4
3
3
5
8
4
4
1
5
1
3
2
2
5
3
8
3
2
5
7
3
2
4
1
6
2
4
2
2
4
5
2
1
6
3
5
3
0
8
4
1
5
2
0
4
2
2
2
1
1
2
3
1
2
2
1
1
2
8
4
3
2
4
6
4
2
2
3
5
2
1
2
0
1
2
1
0
1
2
6
2
1
5
3
4
0
4
3
1
1
2
6
4
1
2
1
4
2
3
1
4
5
7
4
3
5
3
1
4
3
3
1
2
6
2
0
4
3
3
2
2
4
1
5
3
2
3
5
2
2
2
5
3
4
2
4
4
9
6
6
10
7
10
3
10
2
3
1
3
11
12
6
6
7
10
6
5
3
9
10
12
7
6
6
9
8
10
8
12
9
17
10
16
14
21
15
21
14
11
10
14
24
16
15
22
19
22
25
17
23
35
40
22
28
33
40
47
36
50
35
43
45
37
47
57
69
62
60
60
67
84
75
83
83
91
100
87
87
87
91
107
131
128
111
146
124
148
151
152
165
143
134
165
183
159
164
159
167
165
176
214
180
198
212
196
197
227
224
250
231
251
250
245
252
226
268
208
236
288
275
247
304
281
276
289
292
288
272
268
266
303
295
278
269
281
297
317
305
290
310
283
283
281
286
287
289
282
312
271
266
324
291
256
301
291
249
256
253
252
237
223
256
242
227
239
237
201
222
207
209
207
208
226
204
209
219
162
178
168
195
163
195
156
167
165
176
139
167
138
133
140
147
142
134
135
140
129
138
132
111
110
132
123
132
98
110
88
96
93
84
98
73
83
93
64
74
70
76
81
64
83
60
62
53
61
64
62
62
69
49
56
61
48
34
50
47
56
40
34
35
29
41
38
43
36
28
32
27
24
19
33
22
23
20
27
25
30
27
23
18
23
12
20
9
17
21
15
17
16
11
16
15
12
13
10
12
12
8
12
5
8
6
7
8
7
4
8
8
7
9
6
7
2
3
3
7
6
1
5
4
7
4
3
2
7
1
3
2
1
5
2
3
2
2
5
3
1
4
4
4
3
2
2
6
1
2
1
3
2
4
3
1
1
3
0
1
2
3
1
0
4
2
3
1
1
1
0
0
3
0
1
2
2
1
4
0
0
2
0
1
2
2
4
0
1
3
1
2
0
2
2
0
2
1
1
1
1
0
1
3
1
1
1
1
1
2
2
3
3
1
0
2
1
1
2
2
0
3
1
3
2
0
1
1
2
1
0
2
3
2
3
0
3
3
1
2
2
2
2
0
1
2
1
4
1
1
4
2
2
3
0
2
1
3
2
2
3
2
2
1
3
1
1
3
2
3
5
1
2
3
2
0
3
4
4
3
2
4
2
1
3
4
3
1
2
4
4
0
4
3
1
4
0
5
8
3
9
0
2
3
3
2
3
3
3
2
0
4
6
7
1
2
1
4
1
6
1
6
3
2
7
3
2
4
1
2
4
3
3
2
5
3
2
3
2
5
3
3
4
1
4
2
5
3
7
7
6
2
4
1
0
8
5
8
5
4
2
3
5
4
5
4
3
5
3
2
2
3
7
1
5
5
4
1
7
2
5
3
3
4
1
8
6
2
6
4
10
7
2
3
3
4
2
8
5
3
2
3
2
11
3
4
4
5
2
4
5
3
3
1
6
9
0
0
