0
0
0
0
0
0
0
0
0
0
0
0
0
0
0
0
0
0
0
0
0
0
0
0
0
0
0
0
0
0
0
0
0
0
0
0
0
0
0
0
0
0
0
0
0
0
0
0
0
0
0
0
0
0
0
0
0
0
0
1
0
0
0
1
0
0
1
1
0
1
0
0
0
0
0
0
0
0
0
0
2
0
0
0
0
1
1
1
0
2
0
1
0
1
2
2
1
1
2
0
2
1
0
1
1
0
1
1
1
1
1
0
2
4
1
0
2
0
3
4
4
3
3
0
3
1
1
3
0
0
1
2
1
0
5
2
1
1
1
2
2
1
2
1
1
1
0
2
1
1
1
0
2
1
2
4
2
1
3
3
4
4
2
1
1
2
2
1
2
3
1
2
0
1
1
1
1
2
2
0
0
3
2
4
2
1
6
1
0
1
1
2
1
3
2
3
1
1
4
3
3
0
1
0
3
6
2
3
3
0
2
3
3
3
4
4
1
3
1
1
6
3
1
5
2
9
2
1
2
2
4
3
2
2
2
4
3
3
1
5
4
2
4
4
3
3
0
2
2
6
1
6
4
2
2
2
0
5
7
6
4
5
5
7
5
4
7
6
5
3
4
3
5
4
5
9
6
8
8
2
5
6
4
9
7
5
7
6
6
10
7
10
10
4
11
9
9
9
9
5
6
9
6
8
8
13
17
12
14
8
13
8
7
12
13
6
11
10
10
8
14
10
15
11
14
12
8
10
23
17
16
11
14
12
12
15
12
16
10
8
9
4
9
16
13
9
6
12
8
18
7
20
12
16
9
8
14
11
9
4
10
13
7
15
9
7
11
8
10
10
10
3
6
8
8
9
6
15
6
10
10
5
8
4
10
5
5
5
6
5
4
6
5
9
8
7
6
4
8
9
7
2
5
6
1
9
8
9
9
7
7
5
6
6
11
7
1
8
8
7
7
4
5
6
6
5
11
5
8
7
9
3
9
2
6
5
12
10
5
10
7
7
5
3
7
10
3
7
10
5
8
6
7
4
9
6
4
9
13
11
8
14
9
11
6
7
5
9
9
10
11
12
6
6
9
8
11
6
10
10
6
7
13
11
11
14
9
8
16
9
10
7
18
7
9
11
5
14
14
11
10
10
9
14
9
10
18
19
8
10
12
11
10
11
8
9
13
11
10
14
14
11
7
14
15
20
14
19
15
12
11
16
24
16
17
23
16
19
27
19
16
26
24
15
21
28
25
23
34
26
22
24
28
37
41
37
28
34
42
33
29
42
40
45
51
45
47
66
47
61
56
56
67
72
70
63
72
84
75
81
83
81
94
90
101
88
102
96
109
112
125
124
137
145
117
157
150
160
143
167
184
172
151
165
174
192
176
181
196
208
174
221
202
215
229
233
232
252
264
240
242
260
263
245
279
297
263
256
285
276
276
294
309
309
296
301
318
307
292
325
338
319
334
305
322
320
293
339
313
364
321
343
340
311
311
338
332
338
324
315
333
343
304
363
330
339
330
325
339
314
299
331
323
309
318
299
294
297
291
314
281
293
305
303
279
288
288
265
271
262
261
268
254
282
239
210
223
249
237
216
199
235
208
218
195
175
207
219
192
187
192
204
178
178
182
182
149
150
143
149
150
169
137
143
139
116
158
123
138
140
132
121
124
91
94
106
97
96
99
88
91
85
103
79
88
83
67
93
90
88
72
67
95
69
74
68
80
65
51
71
64
59
59
47
52
53
51
53
46
51
53
60
44
47
31
39
38
34
31
34
37
32
33
31
21
30
22
27
30
23
18
24
23
14
18
23
26
22
16
14
21
20
25
18
20
12
9
9
11
10
12
14
21
14
14
13
13
7
10
11
12
8
9
9
12
8
3
8
8
4
8
7
10
3
15
3
6
6
3
5
5
7
4
5
7
8
5
6
4
2
3
4
8
6
1
5
4
2
4
3
5
3
5
2
5
2
2
3
2
1
2
0
2
1
7
2
8
2
2
7
2
1
4
3
2
2
1
0
2
1
4
0
3
1
4
6
0
3
3
7
2
0
1
1
3
2
2
4
1
7
7
9
2
3
6
7
4
0
3
2
1
4
4
3
7
2
5
2
5
1
3
4
0
3
2
4
6
4
1
5
4
2
2
3
5
0
3
6
0
5
3
1
1
1
2
2
6
6
5
3
2
4
4
4
4
4
2
3
1
3
1
4
3
1
8
4
3
3
2
4
3
1
4
4
5
3
0
1
5
0
2
5
4
4
1
6
2
5
3
1
4
6
4
2
2
2
3
6
3
0
3
4
4
1
3
5
1
7
4
5
2
1
0
0
